2016-06-04 17:14:20 Rozpoczęcie analizy FFT
2016-06-04 17:14:35 --- częstotliwość   |   wartości widma ---------------
40,2065277099609 0,00389994758752037
40,2117848396301 0,00419323962478147
40,2170419692993 0,00448557715840331
40,2222990989685 0,00477687946034988
40,2275562286377 0,00506706692135406
40,2328133583069 0,00535606083953464
40,2380704879761 0,00564378328165015
40,2433276176453 0,00593015699168792
40,2485847473145 0,00621510533106642
40,2538418769836 0,00649855224041201
40,2590990066528 0,00678042221634317
40,264356136322 0,00706064029887106
40,2696132659912 0,00733913206642244
40,2748703956604 0,00761582363640616
40,2801275253296 0,00789064166985647
40,2853846549988 0,00816351337910193
40,290641784668 0,00843436653769642
40,2958989143372 0,00870312949205023
40,3011560440063 0,00896973117434229
40,3064131736755 0,00923410111639785
40,3116703033447 0,00949616946429104
40,3169274330139 0,00975586699348704
40,3221845626831 0,0100131251243796
40,3274416923523 0,010267875938111
40,3326988220215 0,0105200521925836
40,3379559516907 0,0107695873385931
40,3432130813599 0,0110164155360225
40,3484702110291 0,0112604716700527
40,3537273406982 0,011501691367347
40,3589844703674 0,0117400110121807
40,3642416000366 0,0119753677624858
40,3694987297058 0,0122076995657893
40,374755859375 0,0124369451750245
40,3800129890442 0,0126630441642011
40,3852701187134 0,012885936943912
40,3905272483826 0,0131055647766746
40,3957843780518 0,0133218697920862
40,4010415077209 0,0135347950017871
40,4062986373901 0,0137442843142226
40,4115557670593 0,0139502825491934
40,4168128967285 0,0141527354521886
40,4220700263977 0,0143515897084939
40,4273271560669 0,0145467929570677
40,4325842857361 0,0147382938041807
40,4378414154053 0,0149260418368112
40,4430985450745 0,0151099876357934
40,4483556747437 0,0152900827887111
40,4536128044128 0,0154662799025346
40,458869934082 0,0156385326159939
40,4641270637512 0,0158067956116867
40,4693841934204 0,0159710246279139
40,4746413230896 0,0161311764702422
40,4798984527588 0,0162872090227876
40,485155582428 0,0164390812592165
40,4904127120972 0,0165867532534631
40,4956698417664 0,0167301861901572
40,5009269714355 0,0168693423747606
40,5061841011047 0,0170041852434092
40,5114412307739 0,0171346793724578
40,5166983604431 0,0172607904877238
40,5219554901123 0,0173824854734296
40,5272126197815 0,0174997323808378
40,5324697494507 0,0176125004365798
40,5377268791199 0,0177207600506739
40,5429840087891 0,0178244828242311
40,5482411384583 0,0179236415568455
40,5534982681274 0,0180182102536698
40,5587553977966 0,0181081641321703
40,5640125274658 0,0181934796285634
40,569269657135 0,0182741344039285
40,5745267868042 0,0183501073499982
40,5797839164734 0,0184213785946225
40,5850410461426 0,0184879295069066
40,5902981758118 0,0185497427020201
40,595555305481 0,0186068020456779
40,6008124351501 0,0186590926582889
40,6060695648193 0,0187066009187741
40,6113266944885 0,018749314468052
40,6165838241577 0,0187872222121897
40,6218409538269 0,0188203143252201
40,6270980834961 0,0188485822516243
40,6323552131653 0,0188720187084773
40,6376123428345 0,0188906176872582
40,6428694725037 0,0189043744553234
40,6481266021729 0,0189132855570426
40,653383731842 0,0189173488145977
40,653383731842 0,0189165633284439
40,653383731842 0,0189109294774334
40,653383731842 0,0189004489186014
40,653383731842 0,0188851245866146
40,653383731842 0,0188649606928827
40,653383731842 0,0188399627243325
40,653383731842 0,0188101374418455
40,653383731842 0,0187754928783597
40,653383731842 0,0187360383366349
40,653383731842 0,0186917843866846
40,653383731842 0,0186427428628719
40,653383731842 0,0185889268606735
40,653383731842 0,0185303507331104
40,653383731842 0,0184670300868474
40,653383731842 0,0183989817779626
40,653383731842 0,0183262239073872
40,653383731842 0,0182487758160179
40,653383731842 0,0181666580795026
40,653383731842 0,018079892502701
40,653383731842 0,0179885021138221
40,653383731842 0,0178925111582396
40,653383731842 0,017791945091987
40,653383731842 0,0176868305749351
40,653383731842 0,0175771954636523
40,653383731842 0,0174630688039512
40,653383731842 0,0173444808231226
40,653383731842 0,0172214629218595
40,653383731842 0,0170940476658733
40,653383731842 0,0169622687772042
40,653383731842 0,0168261611252294
40,653383731842 0,0166857607173697
40,653383731842 0,0165411046894996
40,653383731842 0,0163922312960608
40,653383731842 0,0162391798998851
40,653383731842 0,0160819909617261
40,653383731842 0,0159207060295067
40,653383731842 0,0157553677272814
40,653383731842 0,0155860197439203
40,653383731842 0,0154127068215153
40,653383731842 0,0152354747435139
40,653383731842 0,0150543703225835
40,653383731842 0,0148694413882093
40,653383731842 0,0146807367740306
40,653383731842 0,0144883063049194
40,653383731842 0,0142922007838045
40,653383731842 0,0140924719782467
40,653383731842 0,0138891726067687
40,653383731842 0,0136823563249447
40,653383731842 0,0134720777112545
40,653383731842 0,0132583922527084
40,653383731842 0,0130413563302461
40,653383731842 0,0128210272039179
40,653383731842 0,0125974629978529
40,653383731842 0,0123707226850216
40,653383731842 0,0121408660718
40,653383731842 0,0119079537823429
40,653383731842 0,0116720472427753
40,653383731842 0,011433208665212
40,653383731842 0,0111915010316143
40,653383731842 0,0109469880774992
40,653383731842 0,0106997342755106
40,653383731842 0,0104498048188726
40,653383731842 0,0101972656047404
40,653383731842 0,00994218321747151
40,653383731842 0,00968462491184358
40,653383731842 0,00942465859624859
40,653383731842 0,0091623528159022
40,653383731842 0,0088977767361135
40,653383731842 0,00863100012567304
40,653383731842 0,0083620933404306
40,653383731842 0,00809112730715398
40,653383731842 0,00781817350778549
40,653383731842 0,00754330396424745
40,653383731842 0,00726659122399519
40,653383731842 0,0069881083465806
40,653383731842 0,00670792889157987
40,653383731842 0,0064261269083656
40,653383731842 0,00614277692838661
40,653383731842 0,00585795396088212
40,653383731842 0,00557173349334776
40,653383731842 0,00528419149865738
40,653383731842 0,00499540445164262
40,653383731842 0,00470544935934032
40,653383731842 0,00441440381137356
40,653383731842 0,00412234606065063
40,653383731842 0,00382935515087507
40,653383731842 0,00353551111843947
40,653383731842 0,0032408953164944
40,653383731842 0,00294559094756641
40,653383731842 0,00264968396864558
40,653383731842 0,00235326469840586
40,653383731842 0,00205643083765867
40,653383731842 0,0017592935756088
40,653383731842 0,00146199117394378
40,653383731842 0,00116472337251045
40,653383731842 0,000867856367682903
40,653383731842 0,000572352866739448
40,653383731842 0,000282878448890773
40,653383731842 0,000102397212370366
40,653383731842 0,000344686886994775
40,653383731842 0,000636106478071036
40,653383731842 0,000931346247441901
40,653383731842 0,00122735491262
40,653383731842 0,00152338353357139
40,653383731842 0,00181911992600629
40,653383731842 0,00211438335418644
40,653383731842 0,00240904390842376
40,653383731842 0,00270299479916245
40,653383731842 0,0029961410606136
40,653383731842 0,00328839435292753
40,653383731842 0,00357967034524025
40,653383731842 0,003869887303904
40,653383731842 0,00415896528882781
40,653383731842 0,00444682567651113
40,653383731842 0,0047333908679254
40,653383731842 0,00501858410564716
40,653383731842 0,00530232935800703
40,653383731842 0,00558455124568365
40,653383731842 0,00586517499593705
40,653383731842 0,00614412641528126
40,653383731842 0,00642133187472114
40,653383731842 0,00669671830370936
40,653383731842 0,00697021319025266
40,653383731842 0,00724174458541374
40,653383731842 0,00751124111099076
40,653383731842 0,00777863196951429
40,653383731842 0,0080438469559447
40,653383731842 0,00830681647062161
40,653383731842 0,00856747153313456
40,653383731842 0,00882574379686778
40,653383731842 0,00908156556403297
40,653383731842 0,00933486980104701
40,653383731842 0,00958559015414477
40,653383731842 0,00983366096514078
40,653383731842 0,0100790172872717
40,653383731842 0,0103215949010653
40,653383731842 0,0105613303301926
40,653383731842 0,0107981608572668
40,653383731842 0,0110320245395601
40,653383731842 0,0112628602246138
40,653383731842 0,0114906075657212
40,653383731842 0,0117152070372656
40,653383731842 0,0119365999498988
40,653383731842 0,0121547284655465
40,653383731842 0,0123695356122299
40,653383731842 0,0125809652986926
40,653383731842 0,0127889623288247
40,653383731842 0,0129934724158751
40,653383731842 0,0131944421964452
40,653383731842 0,0133918192442574
40,653383731842 0,0135855520836917
40,653383731842 0,0137755902030849
40,653383731842 0,0139618840677871
40,653383731842 0,0141443851329708
40,653383731842 0,0143230458561867
40,653383731842 0,0144978197096633
40,653383731842 0,0146686611923455
40,653383731842 0,0148355258416673
40,653383731842 0,0149983702450561
40,653383731842 0,0151571520511641
40,653383731842 0,015311829980824
40,653383731842 0,0154623638377248
40,653383731842 0,0156087145188048
40,653383731842 0,0157508440243596
40,653383731842 0,0158887154678608
40,653383731842 0,0160222930854832
40,653383731842 0,0161515422453381
40,653383731842 0,0162764294564092
40,653383731842 0,0163969223771901
40,653383731842 0,0165129898240187
40,653383731842 0,0166246017791085
40,653383731842 0,0167317293982739
40,653383731842 0,0168343450183455
40,653383731842 0,0169324221642774
40,653383731842 0,0170259355559398
40,653383731842 0,0171148611145996
40,653383731842 0,0171991759690834
40,653383731842 0,0172788584616243
40,653383731842 0,0173538881533892
40,653383731842 0,0174242458296854
40,653383731842 0,0174899135048459
40,653383731842 0,0175508744267913
40,653383731842 0,0176071130812675
40,653383731842 0,0176586151957581
40,653383731842 0,0177053677430704
40,653383731842 0,0177473589445943
40,653383731842 0,0177845782732332
40,653383731842 0,0178170164560056
40,653383731842 0,0178446654763184
40,653383731842 0,0178675185759088
40,653383731842 0,0178855702564574
40,653383731842 0,0178988162808692
40,653383731842 0,0179072536742246
40,653383731842 0,0179108807243986
40,653383731842 0,0179096969823491
40,653383731842 0,0179037032620737
40,653383731842 0,0178929016402355
40,653383731842 0,0178772954554582
40,653383731842 0,0178568893072898
40,653383731842 0,0178316890548368
40,653383731842 0,0178017018150682
40,653383731842 0,0177669359607902
40,653383731842 0,0177274011182924
40,653383731842 0,0176831081646665
40,653383731842 0,0176340692247968
40,653383731842 0,0175802976680262
40,653383731842 0,017521808104496
40,653383731842 0,0174586163811625
40,653383731842 0,0173907395774901
40,653383731842 0,017318196000824
40,653383731842 0,0172410051814421
40,653383731842 0,0171591878672893
40,653383731842 0,0170727660183937
40,653383731842 0,0169817628009695
40,653383731842 0,016886202581205
40,653383731842 0,0167861109187399
40,653383731842 0,0166815145598339
40,653383731842 0,0165724414302268
40,653383731842 0,0164589206276953
40,653383731842 0,0163409824143058
40,653383731842 0,0162186582083683
40,653383731842 0,0160919805760927
40,653383731842 0,0159609832229499
40,653383731842 0,015825700984742
40,653383731842 0,0156861698183835
40,653383731842 0,0155424267923973
40,653383731842 0,0153945100771281
40,653383731842 0,015242458934678
40,653383731842 0,015086313708567
40,653383731842 0,0149261158131228
40,653383731842 0,0147619077226042
40,653383731842 0,0145937329600616
40,653383731842 0,0144216360859416
40,653383731842 0,0142456626864378
40,653383731842 0,0140658593615955
40,653383731842 0,0138822737131747
40,653383731842 0,0136949543322794
40,653383731842 0,0135039507867573
40,653383731842 0,0133093136083802
40,653383731842 0,0131110942798111
40,653383731842 0,0129093452213679
40,653383731842 0,0127041197775937
40,653383731842 0,0124954722036439
40,653383731842 0,0122834576515036
40,653383731842 0,0120681321560476
40,653383731842 0,0118495526209608
40,653383731842 0,011627776804536
40,653383731842 0,0114028633053696
40,653383731842 0,0111748715479803
40,653383731842 0,0109438617683794
40,653383731842 0,0107098949996248
40,653383731842 0,0104730330573988
40,653383731842 0,0102333385256585
40,653383731842 0,00999087474241267
40,653383731842 0,00974570578569685
40,653383731842 0,00949789645982944
40,653383731842 0,0092475122820525
40,653383731842 0,00899461946968598
40,653383731842 0,00873928492795561
40,653383731842 0,00848157623869628
40,653383731842 0,00822156165018783
40,653383731842 0,00795931006845118
40,653383731842 0,00769489105042949
40,653383731842 0,00742837479960781
40,653383731842 0,00715983216480001
40,653383731842 0,00688933464307355
40,653383731842 0,00661695438811766
40,653383731842 0,00634276422583395
40,653383731842 0,00606683767960277
40,653383731842 0,00578924900865804
40,653383731842 0,00551007326444391
40,653383731842 0,00522938637198811
40,653383731842 0,00494726524662954
40,653383731842 0,00466378796159448
40,653383731842 0,00437903399015998
40,653383731842 0,00409308455967086
40,653383731842 0,00380602317754138
40,653383731842 0,00351793642931784
40,653383731842 0,00322891522135654
40,653383731842 0,00293905677801471
40,653383731842 0,00264846797699318
40,653383731842 0,00235727118550942
40,653383731842 0,00206561507523032
40,653383731842 0,0017736961529507
40,653383731842 0,00148180574976179
40,653383731842 0,00119044587350926
40,653383731842 0,000900667838436146
40,653383731842 0,000615350470278058
40,653383731842 0,000346590598684267
40,653383731842 0,000189814395616385
40,653383731842 0,000355819135929064
40,653383731842 0,000626029520957172
40,653383731842 0,000912040677704
40,653383731842 0,00120250222344969
40,653383731842 0,00149465686856316
40,653383731842 0,00178748559100927
40,653383731842 0,00208049772613109
40,653383731842 0,00237340666745233
40,653383731842 0,00266601808769924
40,653383731842 0,0029581843660798
40,653383731842 0,00324978362648802
40,653383731842 0,00354070917724869
40,653383731842 0,0038308637990638
40,653383731842 0,00412015647444033
40,653383731842 0,00440850042625566
40,653383731842 0,00469581189577197
40,653383731842 0,00498200935703833
40,653383731842 0,00526701299866161
40,653383731842 0,00555074437478362
40,653383731842 0,00583312616621276
40,653383731842 0,00611408201507273
40,653383731842 0,00639353640960895
40,653383731842 0,00667141460389273
40,653383731842 0,00694764256223408
40,653383731842 0,00722214692136499
40,653383731842 0,0074948549655833
40,653383731842 0,00776569461146777
40,653383731842 0,00803459439974009
40,653383731842 0,00830148349251574
40,653383731842 0,00856629167465226
40,653383731842 0,00882894935823505
40,653383731842 0,00908938758947929
40,653383731842 0,00934753805749994
40,653383731842 0,00960333310452963
40,653383731842 0,00985670573725909
40,653383731842 0,0101075896390459
40,653383731842 0,0103559191827913
40,653383731842 0,0106016294443268
40,653383731842 0,0108446562161815
40,653383731842 0,0110849360216301
40,653383731842 0,011322406128935
40,653383731842 0,0115570045657171
40,653383731842 0,0117886701333966
40,653383731842 0,0120173424216581
40,653383731842 0,0122429618229007
40,653383731842 0,0124654695466393
40,653383731842 0,0126848076338298
40,653383731842 0,0129009189710939
40,653383731842 0,0131137473048224
40,653383731842 0,01332323725514
40,653383731842 0,0135293343297147
40,653383731842 0,0137319849373986
40,653383731842 0,0139311364016889
40,653383731842 0,014126736973996
40,653383731842 0,0143187358467107
40,653383731842 0,0145070831660615
40,653383731842 0,0146917300447529
40,653383731842 0,0148726285743791
40,653383731842 0,0150497318376044
40,653383731842 0,0152229939201064
40,653383731842 0,0153923699222743
40,653383731842 0,0155578159706581
40,653383731842 0,0157192892291633
40,653383731842 0,015876747909987
40,653383731842 0,0160301512842902
40,653383731842 0,0161794596926029
40,653383731842 0,016324634554958
40,653383731842 0,0164656383807504
40,653383731842 0,0166024347783168
40,653383731842 0,0167349884642351
40,653383731842 0,0168632652723381
40,653383731842 0,0169872321624397
40,653383731842 0,0171068572287704
40,653383731842 0,0172221097081201
40,653383731842 0,0173329599876843
40,653383731842 0,0174393796126124
40,653383731842 0,017541341293256
40,653383731842 0,0176388189121139
40,653383731842 0,0177317875304724
40,653383731842 0,0178202233947393
40,653383731842 0,0179041039424689
40,653383731842 0,0179834078080773
40,653383731842 0,0180581148282452
40,653383731842 0,0181282060470073
40,653383731842 0,0181936637205275
40,653383731842 0,0182544713215568
40,653383731842 0,0183106135435746
40,653383731842 0,0183620763046109
40,653383731842 0,0184088467507489
40,653383731842 0,0184509132593073
40,653383731842 0,0184882654417003
40,653383731842 0,0185208941459762
40,653383731842 0,0185487914590323
40,653383731842 0,0185719507085071
40,653383731842 0,0185903664643474
40,653383731842 0,0186040345400515
40,653383731842 0,0186129519935879
40,653383731842 0,018617117127988
40,653383731842 0,0186165294916152
40,653383731842 0,0186111898781067
40,653383731842 0,0186011003259921
40,653383731842 0,0185862641179858
40,653383731842 0,0185666857799549
40,653383731842 0,0185423710795625
40,653383731842 0,0185133270245866
40,653383731842 0,0184795618609164
40,653383731842 0,0184410850702235
40,653383731842 0,0183979073673129
40,653383731842 0,0183500406971503
40,653383731842 0,0182974982315702
40,653383731842 0,0182402943656623
40,653383731842 0,0181784447138406
40,653383731842 0,018111966105593
40,653383731842 0,0180408765809154
40,653383731842 0,0179651953854297
40,653383731842 0,0178849429651874
40,653383731842 0,017800140961161
40,653383731842 0,0177108122034238
40,653383731842 0,0176169807050202
40,653383731842 0,0175186716555277
40,653383731842 0,0174159114143132
40,653383731842 0,0173087275034842
40,653383731842 0,0171971486005382
40,653383731842 0,0170812045307107
40,653383731842 0,0169609262590263
40,653383731842 0,0168363458820518
40,653383731842 0,0167074966193565
40,653383731842 0,0165744128046805
40,653383731842 0,0164371298768135
40,653383731842 0,0162956843701875
40,653383731842 0,0161501139051847
40,653383731842 0,016000457178164
40,653383731842 0,0158467539512094
40,653383731842 0,0156890450416012
40,653383731842 0,0155273723110159
40,653383731842 0,0153617786544542
40,653383731842 0,0151923079889039
40,653383731842 0,0150190052417379
40,653383731842 0,0148419163388524
40,653383731842 0,0146610881925473
40,653383731842 0,0144765686891543
40,653383731842 0,0142884066764136
40,653383731842 0,0140966519506054
40,653383731842 0,0139013552434381
40,653383731842 0,0137025682086989
40,653383731842 0,0135003434086686
40,653383731842 0,0132947343003077
40,653383731842 0,0130857952212151
40,653383731842 0,0128735813753667
40,653383731842 0,0126581488186369
40,653383731842 0,0124395544441084
40,653383731842 0,0122178559671758
40,653383731842 0,0119931119104488
40,653383731842 0,0117653815884602
40,653383731842 0,011534725092185
40,653383731842 0,0113012032733787
40,653383731842 0,0110648777287404
40,653383731842 0,0108258107839101
40,653383731842 0,0105840654773087
40,653383731842 0,0103397055438305
40,653383731842 0,0100927953984004
40,653383731842 0,00984340011940723
40,653383731842 0,00959158543203019
40,653383731842 0,00933741769147421
40,653383731842 0,00908096386613609
40,653383731842 0,00882229152072627
40,653383731842 0,00856146879937674
40,653383731842 0,0082985644087726
40,653383731842 0,00803364760130396
40,653383731842 0,00776678815860133
40,653383731842 0,00749805637477067
40,653383731842 0,00722752304044011
40,653383731842 0,00695525942698805
40,653383731842 0,00668133727142903
40,653383731842 0,00640582876213905
40,653383731842 0,00612880652573857
40,653383731842 0,00585034361557428
40,653383731842 0,00557051350242153
40,653383731842 0,00528939006829897
40,653383731842 0,00500704760469558
40,653383731842 0,00472356081714645
40,653383731842 0,00443900483910038
40,653383731842 0,00415345525966489
40,653383731842 0,0038669881725633
40,653383731842 0,00357968025839716
40,653383731842 0,00329160892084601
40,653383731842 0,00300285251341758
40,653383731842 0,00271349072476387
40,653383731842 0,00242360525591423
40,653383731842 0,00213328106834383
40,653383731842 0,00184260883430066
40,653383731842 0,00155169016825469
40,653383731842 0,00126065013275582
40,653383731842 0,000969672283367367
40,653383731842 0,000679123652293686
40,653383731842 0,000390235815536785
40,653383731842 0,000116286062868419
40,653383731842 0,000211610046537015
40,653383731842 0,000495711009528292
40,653383731842 0,000784775640162958
40,653383731842 0,00107449079513381
40,653383731842 0,00136412885704719
40,653383731842 0,00165341883366956
40,653383731842 0,00194220623384682
40,653383731842 0,00223037756566139
40,653383731842 0,00251783688707997
40,653383731842 0,00280449687168995
40,653383731842 0,00309027489597214
40,653383731842 0,00337509114370001
40,653383731842 0,00365886761543806
40,653383731842 0,0039415275805176
40,653383731842 0,00422299526067781
40,653383731842 0,00450319564200442
40,653383731842 0,00478205436132805
40,653383731842 0,00505949763758379
40,653383731842 0,00533545223125531
40,653383731842 0,00560984542188104
40,653383731842 0,00588260499747266
40,653383731842 0,00615365925196284
40,653383731842 0,00642293698816584
40,653383731842 0,00669036752458346
40,653383731842 0,00695588070492697
40,653383731842 0,00721940690957623
40,653383731842 0,00748087706842904
40,653383731842 0,0077402226747507
40,653383731842 0,00799737579974098
40,653383731842 0,00825226910761083
40,653383731842 0,00850483587101421
40,653383731842 0,00875500998671795
40,653383731842 0,00900272599142093
40,653383731842 0,00924791907765286
40,653383731842 0,00949052510969893
40,653383731842 0,00973048063950724
40,653383731842 0,00996772292254455
40,653383731842 0,0102021899335723
40,653383731842 0,01043382038232
40,653383731842 0,0106625537290361
40,653383731842 0,0108883301999013
40,653383731842 0,0111110908022893
40,653383731842 0,0113307773398638
40,653383731842 0,0115473324275011
40,653383731842 0,0117606995060283
40,653383731842 0,0119708228567707
40,653383731842 0,0121776476158988
40,653383731842 0,01238111978857
40,653383731842 0,012581186262857
40,653383731842 0,0127777948234592
40,653383731842 0,0129708941651898
40,653383731842 0,0131604339062348
40,653383731842 0,0133463646011791
40,653383731842 0,0135286377537942
40,653383731842 0,0137072058295854
40,653383731842 0,0138820222680915
40,653383731842 0,014053041494936
40,653383731842 0,0142202189336242
40,653383731842 0,0143835110170839
40,653383731842 0,0145428751989449
40,653383731842 0,0146982699645555
40,653383731842 0,014849654841732
40,653383731842 0,014996990411238
40,653383731842 0,015140238316991
40,653383731842 0,0152793612759938
40,653383731842 0,0154143230879865
40,653383731842 0,0155450886448184
40,653383731842 0,0156716239395356
40,653383731842 0,015793896075183
40,653383731842 0,0159118732733171
40,653383731842 0,0160255248822293
40,653383731842 0,0161348213848747
40,653383731842 0,0162397344065075
40,653383731842 0,016340236722018
40,653383731842 0,0164363022629714
40,653383731842 0,0165279061243455
40,653383731842 0,0166150245709658
40,653383731842 0,0166976350436364
40,653383731842 0,016775716164965
40,653383731842 0,0168492477448801
40,653383731842 0,0169182107858406
40,653383731842 0,0169825874877337
40,653383731842 0,0170423612524622
40,653383731842 0,0170975166882194
40,653383731842 0,0171480396134499
40,653383731842 0,0171939170604957
40,653383731842 0,0172351372789267
40,653383731842 0,0172716897385553
40,653383731842 0,0173035651321329
40,653383731842 0,0173307553777288
40,653383731842 0,0173532536207913
40,653383731842 0,0173710542358887
40,653383731842 0,0173841528281315
40,653383731842 0,0173925462342751
40,653383731842 0,0173962325235015
40,653383731842 0,0173952109978823
40,653383731842 0,0173894821925198
40,653383731842 0,0173790478753691
40,653383731842 0,0173639110467393
40,653383731842 0,0173440759384751
40,653383731842 0,0173195480128181
40,653383731842 0,0172903339609491
40,653383731842 0,0172564417012113
40,653383731842 0,0172178803770147
40,653383731842 0,0171746603544225
40,653383731842 0,0171267932194207
40,653383731842 0,0170742917748706
40,653383731842 0,0170171700371459
40,653383731842 0,0169554432324544
40,653383731842 0,0168891277928468
40,653383731842 0,0168182413519117
40,653383731842 0,0167428027401598
40,653383731842 0,0166628319800972
40,653383731842 0,0165783502809898
40,653383731842 0,0164893800333201
40,653383731842 0,0163959448029373
40,653383731842 0,0162980693249036
40,653383731842 0,0161957794970368
40,653383731842 0,0160891023731515
40,653383731842 0,0159780661560014
40,653383731842 0,0158627001899233
40,653383731842 0,0157430349531858
40,653383731842 0,0156191020500439
40,653383731842 0,0154909342025025
40,653383731842 0,0153585652417899
40,653383731842 0,0152220300995444
40,653383731842 0,0150813647987165
40,653383731842 0,0149366064441874
40,653383731842 0,0147877932131089
40,653383731842 0,0146349643449649
40,653383731842 0,0144781601313586
40,653383731842 0,0143174219055273
40,653383731842 0,0141527920315878
40,653383731842 0,0139843138935155
40,653383731842 0,01381203188386
40,653383731842 0,0136359913921995
40,653383731842 0,0134562387933383
40,653383731842 0,0132728214352496
40,653383731842 0,0130857876267666
40,653383731842 0,0128951866250269
40,653383731842 0,0127010686226707
40,653383731842 0,0125034847347995
40,653383731842 0,0123024869856955
40,653383731842 0,0120981282953083
40,653383731842 0,0118904624655105
40,653383731842 0,0116795441661267
40,653383731842 0,0114654289207402
40,653383731842 0,0112481730922799
40,653383731842 0,0110278338683937
40,653383731842 0,0108044692466101
40,653383731842 0,0105781380192942
40,653383731842 0,0103488997584013
40,653383731842 0,0101168148000339
40,653383731842 0,00988194422880555
40,653383731842 0,00964434986201753
40,653383731842 0,00940409423365325
40,653383731842 0,00916124057819624
40,653383731842 0,00891585281427743
40,653383731842 0,00866799552815853
40,653383731842 0,00841773395705854
40,653383731842 0,00816513397233147
40,653383731842 0,00791026206250424
40,653383731842 0,00765318531618532
40,653383731842 0,00739397140485643
40,653383731842 0,00713268856556211
40,653383731842 0,00686940558351548
40,653383731842 0,00660419177464307
40,653383731842 0,00633711696809849
40,653383731842 0,00606825148878358
40,653383731842 0,00579766613992949
40,653383731842 0,0055254321858096
40,653383731842 0,00525162133468526
40,653383731842 0,00497630572212942
40,653383731842 0,00469955789494164
40,653383731842 0,0044214507959754
40,653383731842 0,00414205775037391
40,653383731842 0,00386145245400189
40,653383731842 0,00357970896536309
40,653383731842 0,00329690170318886
40,653383731842 0,00301310545354874
40,653383731842 0,00272839539358128
40,653383731842 0,0024428471456398
40,653383731842 0,00215653689040679
40,653383731842 0,0018695416028049
40,653383731842 0,00158193956779229
40,653383731842 0,00129381161393976
40,653383731842 0,00100524451064538
40,653383731842 0,000716342646357623
40,653383731842 0,000427287238528072
40,653383731842 0,000139135882610814
40,653383731842 0,000154541867785332
40,653383731842 0,000443118443163137
40,653383731842 0,000732666628831535
40,653383731842 0,00102228889670401
40,653383731842 0,00131181230340562
40,653383731842 0,0016011337472608
40,653383731842 0,00189016653374177
40,653383731842 0,00217882953195138
40,653383731842 0,00246704397284223
40,653383731842 0,00275473227590512
40,653383731842 0,00304181755573244
40,653383731842 0,00332822339563021
40,653383731842 0,00361387373904879
40,653383731842 0,00389869283784421
40,653383731842 0,00418260522996237
40,653383731842 0,00446553573325549
40,653383731842 0,00474740944857094
40,653383731842 0,00502815176838143
40,653383731842 0,00530768838883378
40,653383731842 0,00558594532396176
40,653383731842 0,0058628489212951
40,653383731842 0,00613832587838033
40,653383731842 0,00641230325989955
40,653383731842 0,00668470851517819
40,653383731842 0,00695546949593938
40,653383731842 0,00722451447420582
40,653383731842 0,00749177216027836
40,653383731842 0,00775717172073972
40,653383731842 0,00802064279644505
40,653383731842 0,00828211552046999
40,653383731842 0,00854152053599349
40,653383731842 0,00879878901409726
40,653383731842 0,00905385267146698
40,653383731842 0,00930664378798297
40,653383731842 0,00955709522418983
40,653383731842 0,00980514043863595
40,653383731842 0,0100507135050747
40,653383731842 0,0102937491295201
40,653383731842 0,0105341826671509
40,653383731842 0,0107719501390555
40,653383731842 0,0110069882488131
40,653383731842 0,0112392343989064
40,653383731842 0,0114686267069585
40,653383731842 0,0116951040217908
40,653383731842 0,011918605939297
40,653383731842 0,0121390728181276
40,653383731842 0,0123564457951818
40,653383731842 0,0125706668009013
40,653383731842 0,0127816785743626
40,653383731842 0,0129894246781632
40,653383731842 0,0131938495130984
40,653383731842 0,0133948983326231
40,653383731842 0,0135925172570975
40,653383731842 0,0137866532878097
40,653383731842 0,0139772543207746
40,653383731842 0,0141642691603028
40,653383731842 0,0143476475323384
40,653383731842 0,0145273400975597
40,653383731842 0,0147032984642421
40,653383731842 0,0148754752008773
40,653383731842 0,0150438238485476
40,653383731842 0,0152082989330508
40,653383731842 0,015368855976773
40,653383731842 0,0155254515103068
40,653383731842 0,0156780430838107
40,653383731842 0,0158265892781078
40,653383731842 0,0159710497155209
40,653383731842 0,0161113850704405
40,653383731842 0,0162475570796241
40,653383731842 0,0163795285522226
40,653383731842 0,0165072633795335
40,653383731842 0,0166307265444759
40,653383731842 0,0167498841307868
40,653383731842 0,0168647033319356
40,653383731842 0,0169751524597547
40,653383731842 0,0170812009527833
40,653383731842 0,017182819384324
40,653383731842 0,0172799794702082
40,653383731842 0,0173726540762698
40,653383731842 0,0174608172255243
40,653383731842 0,0175444441050524
40,653383731842 0,0176235110725859
40,653383731842 0,0176979956627935
40,653383731842 0,0177678765932673
40,653383731842 0,0178331337702052
40,653383731842 0,0178937482937907
40,653383731842 0,0179497024632673
40,653383731842 0,0180009797817063
40,653383731842 0,0180475649604673
40,653383731842 0,0180894439233502
40,653383731842 0,0181266038104376
40,653383731842 0,0181590329816263
40,653383731842 0,018186721019848
40,653383731842 0,0182096587339775
40,653383731842 0,0182278381614286
40,653383731842 0,0182412525704359
40,653383731842 0,018249896462024
40,653383731842 0,0182537655716607
40,653383731842 0,0182528568705978
40,653383731842 0,0182471685668951
40,653383731842 0,0182367001061309
40,653383731842 0,0182214521717968
40,653383731842 0,0182014266853777
40,653383731842 0,0181766268061172
40,653383731842 0,0181470569304683
40,653383731842 0,0181127226912296
40,653383731842 0,0180736309563681
40,653383731842 0,018029789827528
40,653383731842 0,0179812086382277
40,653383731842 0,0179278979517437
40,653383731842 0,0178698695586842
40,653383731842 0,0178071364742515
40,653383731842 0,0177397129351961
40,653383731842 0,0176676143964617
40,653383731842 0,017590857527524
40,653383731842 0,0175094602084231
40,653383731842 0,0174234415254928
40,653383731842 0,0173328217667867
40,653383731842 0,0172376224172036
40,653383731842 0,0171378661533145
40,653383731842 0,017033576837892
40,653383731842 0,0169247795141454
40,653383731842 0,0168115003996637
40,653383731842 0,0166937668800676
40,653383731842 0,0165716075023757
40,653383731842 0,0164450519680853
40,653383731842 0,0163141311259718
40,653383731842 0,0161788769646113
40,653383731842 0,016039322604627
40,653383731842 0,0158955022906669
40,653383731842 0,0157474513831129
40,653383731842 0,0155952063495299
40,653383731842 0,0154388047558563
40,653383731842 0,0152782852573427
40,653383731842 0,0151136875892451
40,653383731842 0,014945052557277
40,653383731842 0,0147724220278288
40,653383731842 0,0145958389179617
40,653383731842 0,0144153471851834
40,653383731842 0,0142309918170159
40,653383731842 0,0140428188203655
40,653383731842 0,0138508752107054
40,653383731842 0,0136552090010848
40,653383731842 0,0134558691909785
40,653383731842 0,0132529057549928
40,653383731842 0,0130463696314473
40,653383731842 0,012836312710853
40,653383731842 0,0126227878243115
40,653383731842 0,0124058487318636
40,653383731842 0,0121855501108193
40,653383731842 0,0119619475441085
40,653383731842 0,011735097508697
40,653383731842 0,0115050573641193
40,653383731842 0,0112718853411932
40,653383731842 0,0110356405309888
40,653383731842 0,0107963828741433
40,653383731842 0,0105541731506279
40,653383731842 0,0103090729700989
40,653383731842 0,0100611447629925
40,653383731842 0,00981045177255822
40,653383731842 0,00955705804807486
40,653383731842 0,00930102843954693
40,653383731842 0,00904242859425978
40,653383731842 0,008781324955666
40,653383731842 0,00851778476520507
40,653383731842 0,00825187606782511
40,653383731842 0,00798366772219968
40,653383731842 0,00771322941692958
40,653383731842 0,00744063169442599
40,653383731842 0,00716594598472221
40,653383731842 0,00688924465222707
40,653383731842 0,00661060105950344
40,653383731842 0,0063300896536747
40,653383731842 0,00604778608324824
40,653383731842 0,00576376735634058
40,653383731842 0,00547811205603881
40,653383731842 0,00519090063582393
40,653383731842 0,0049022158290921
40,653383731842 0,00461214322436155
40,653383731842 0,00432077208617659
40,653383731842 0,00402819654903858
40,653383731842 0,00373451739295028
40,653383731842 0,00343984475367939
40,653383731842 0,00314430238838985
40,653383731842 0,00284803463597127
40,653383731842 0,00255121827251705
40,653383731842 0,00225408377554603
40,653383731842 0,00195695595199952
40,653383731842 0,0016603379338073
40,653383731842 0,00136510328835568
40,653383731842 0,00107299813855642
40,653383731842 0,000788216243931038
40,653383731842 0,000523745218004883
40,653383731842 0,000333365894052721
40,653383731842 0,000363734852264967
40,653383731842 0,000581530362732428
40,653383731842 0,000853770807591605
40,653383731842 0,00114215688145442
40,653383731842 0,00143692687491487
40,653383731842 0,00173471379869839
40,653383731842 0,00203404759284471
40,653383731842 0,00233416583417371
40,653383731842 0,00263461628382853
40,653383731842 0,00293509954179907
40,653383731842 0,00323539847397946
40,653383731842 0,00353534339723407
40,653383731842 0,00383479357032785
40,653383731842 0,00413362674272035
40,653383731842 0,004431732954129
40,653383731842 0,00472901070128302
40,653383731842 0,00502536448447228
40,653383731842 0,00532070319031922
40,653383731842 0,00561493899870237
40,653383731842 0,00590798662802312
40,653383731842 0,00619976280460091
40,653383731842 0,00649018588398354
40,653383731842 0,00677917557735651
40,653383731842 0,00706665275201116
40,653383731842 0,00735253928487006
40,653383731842 0,0076367579545975
40,653383731842 0,0079192323621543
40,653383731842 0,0081998868725816
40,653383731842 0,00847864657280766
40,653383731842 0,00875543724167204
40,653383731842 0,00903018532935206
40,653383731842 0,00930281794408558
40,653383731842 0,00957326284459846
40,653383731842 0,00984144843702152
40,653383731842 0,0101073037753614
40,653383731842 0,0103707585647983
40,653383731842 0,0106317431672409
40,653383731842 0,0108901886086892
40,653383731842 0,0111460265880479
40,653383731842 0,011399189487104
40,653383731842 0,0116496103814376
40,653383731842 0,0118972230520792
40,653383731842 0,01214196199776
40,653383731842 0,0123837624476303
40,653383731842 0,0126225603743408
40,653383731842 0,0128582925074025
40,653383731842 0,0130908963467503
40,653383731842 0,0133203101764524
40,653383731842 0,0135464730785115
40,653383731842 0,0137693249467164
40,653383731842 0,0139888065005048
40,653383731842 0,0142048592988059
40,653383731842 0,0144174257538358
40,653383731842 0,0146264491448193
40,653383731842 0,0148318736316196
40,653383731842 0,0150336442682558
40,653383731842 0,0152317070162915
40,653383731842 0,0154260087580811
40,653383731842 0,0156164973098601
40,653383731842 0,0158031214346675
40,653383731842 0,0159858308550901
40,653383731842 0,0161645762658194
40,653383731842 0,0163393093460116
40,653383731842 0,0165099827714439
40,653383731842 0,016676550226458
40,653383731842 0,0168389664156866
40,653383731842 0,0169971870755542
40,653383731842 0,0171511689855477
40,653383731842 0,0173008699792516
40,653383731842 0,0174462489551416
40,653383731842 0,0175872658871332
40,653383731842 0,0177238818348802
40,653383731842 0,0178560589538184
40,653383731842 0,0179837605049517
40,653383731842 0,0181069508643763
40,653383731842 0,0182255955325392
40,653383731842 0,0183396611432276
40,653383731842 0,0184491154722875
40,653383731842 0,018553927446066
40,653383731842 0,0186540671495766
40,653383731842 0,0187495058343835
40,653383731842 0,0188402159262035
45,6686854362488 0,018926171032221
45,673942565918 0,0190073459481166
45,6791996955872 0,0190837166648045
45,6844568252563 0,0191552603748778
45,6897139549255 0,0192219554787602
45,6949710845947 0,019283781590561
45,7002282142639 0,0193407195436319
45,7054853439331 0,0193927513958256
45,7107424736023 0,0194398604344515
45,7159996032715 0,0194820311809299
45,7212567329407 0,0195192493951421
45,7265138626099 0,0195515020794745
45,7317709922791 0,019578777482557
45,7370281219482 0,0196010651026932
45,7422852516174 0,0196183556909822
45,7475423812866 0,0196306412541307
45,7527995109558 0,0196379150569549
45,758056640625 0,0196401716245703
45,758056640625 0,0196374067442719
45,758056640625 0,0196296174670984
45,758056640625 0,0196168021090867
45,758056640625 0,0195989602522117
45,758056640625 0,0195760927450118
45,758056640625 0,0195482017029018
45,758056640625 0,0195152905081705
45,758056640625 0,0194773638096646
45,758056640625 0,0194344275221588
45,758056640625 0,0193864888254106
45,758056640625 0,0193335561629025
45,758056640625 0,0192756392402693
45,758056640625 0,019212749023413
45,758056640625 0,0191448977363038
45,758056640625 0,0190720988584693
45,758056640625 0,0189943671221712
45,758056640625 0,0189117185092713
45,758056640625 0,0188241702477859
45,758056640625 0,018731740808132
45,758056640625 0,0186344498990626
45,758056640625 0,0185323184632959
45,758056640625 0,0184253686728364
45,758056640625 0,0183136239239906
45,758056640625 0,0181971088320778
45,758056640625 0,0180758492258383
45,758056640625 0,0179498721415385
45,758056640625 0,0178192058167761
45,758056640625 0,0176838796839862
45,758056640625 0,0175439243636493
45,758056640625 0,0173993716572039
45,758056640625 0,0172502545396647
45,758056640625 0,0170966071519482
45,758056640625 0,0169384647929082
45,758056640625 0,0167758639110822
45,758056640625 0,0166088420961513
45,758056640625 0,0164374380701155
45,758056640625 0,016261691678187
45,758056640625 0,0160816438794024
45,758056640625 0,0158973367369575
45,758056640625 0,015708813408267
45,758056640625 0,01551611813475
45,758056640625 0,0153192962313454
45,758056640625 0,0151183940757592
45,758056640625 0,0149134590974459
45,758056640625 0,0147045397663278
45,758056640625 0,014491685581253
45,758056640625 0,0142749470581976
45,758056640625 0,0140543757182122
45,758056640625 0,0138300240751175
45,758056640625 0,0136019456229518
45,758056640625 0,0133701948231721
45,758056640625 0,0131348270916142
45,758056640625 0,0128958987852125
45,758056640625 0,0126534671884845
45,758056640625 0,012407590499783
45,758056640625 0,0121583278173188
45,758056640625 0,0119057391249574
45,758056640625 0,011649885277794
45,758056640625 0,0113908279875093
45,758056640625 0,0111286298075104
45,758056640625 0,0108633541178603
45,758056640625 0,010595065109999
45,758056640625 0,0103238277712618
45,758056640625 0,0100497078691964
45,758056640625 0,00977277193568415
45,758056640625 0,00949308725086957
45,758056640625 0,00921072182690094
45,758056640625 0,00892574439148751
45,758056640625 0,00863822437127681
45,758056640625 0,00834823187505671
45,758056640625 0,00805583767678673
45,758056640625 0,00776111319846339
45,758056640625 0,00746413049282448
45,758056640625 0,0071649622258978
45,758056640625 0,00686368165939981
45,758056640625 0,00656036263299099
45,758056640625 0,0062550795463948
45,758056640625 0,00594790734138929
45,758056640625 0,0056389214836816
45,758056640625 0,00532819794467924
45,758056640625 0,0050158131831765
45,758056640625 0,00470184412698203
45,758056640625 0,00438636815452664
45,758056640625 0,00406946307651209
45,758056640625 0,00375120711770062
45,758056640625 0,00343167889901743
45,758056640625 0,00311095742027804
45,758056640625 0,00278912204414013
45,758056640625 0,00246625248250872
45,758056640625 0,00214242878811668
45,758056640625 0,00181773135791128
45,758056640625 0,00149224096650149
45,758056640625 0,00116603888892376
45,758056640625 0,000839207357103515
45,758056640625 0,000511831847035044
45,758056640625 0,000184028049243938
45,758056640625 0,000144399723670828
45,758056640625 0,000472876365193496
45,758056640625 0,000801635484760619
45,758056640625 0,0011305436182884
45,758056640625 0,00145951352293229
45,758056640625 0,00178846162334371
45,758056640625 0,00211730512449241
45,758056640625 0,00244596146925223
45,758056640625 0,00277434819596786
45,758056640625 0,00310238289940034
45,758056640625 0,00342998322573595
45,758056640625 0,00375706688081365
45,758056640625 0,00408355164412865
45,758056640625 0,00440935538559689
45,758056640625 0,00473439608373313
45,758056640625 0,00505859184459091
45,758056640625 0,00538186092112724
45,758056640625 0,00570412173280764
45,758056640625 0,00602529288534475
45,758056640625 0,00634529319050576
45,758056640625 0,00666404168594739
45,758056640625 0,00698145765505088
45,758056640625 0,00729746064673712
45,758056640625 0,00761197049524785
45,758056640625 0,00792490733988124
45,758056640625 0,00823619164467284
45,758056640625 0,00854574421801397
45,758056640625 0,00885348623220047
45,758056640625 0,00915933924290573
45,758056640625 0,00946322520857191
45,758056640625 0,0097650665097139
45,758056640625 0,0100647859681308
45,758056640625 0,0103623068660198
45,758056640625 0,0106575529649868
45,758056640625 0,0109504485249508
45,758056640625 0,0112409183229344
45,758056640625 0,0115288876717385
45,758056640625 0,011814282438495
45,758056640625 0,0120970290630926
45,758056640625 0,0123770545764732
45,758056640625 0,0126542866187918
45,758056640625 0,0129286534574371
45,758056640625 0,0132000840049087
45,758056640625 0,0134685078365446
45,758056640625 0,0137338552080973
45,758056640625 0,013996057073152
45,758056640625 0,0142550451003838
45,758056640625 0,0145107516906502
45,758056640625 0,0147631099939128
45,758056640625 0,0150120539259867
45,758056640625 0,0152575181851114
45,758056640625 0,0154994382683403
45,758056640625 0,0157377504877451
45,758056640625 0,0159723919864294
45,758056640625 0,0162033007543506
45,758056640625 0,0164304156439434
45,758056640625 0,0166536763855426
45,758056640625 0,0168730236026015
45,758056640625 0,017088398826702
45,758056640625 0,0172997445123522
45,758056640625 0,0175070040515691
45,758056640625 0,017710121788242
45,758056640625 0,0179090430322732
45,758056640625 0,0181037140734937
45,758056640625 0,018294082195348
45,758056640625 0,0184800956883484
45,758056640625 0,0186617038632918
45,758056640625 0,0188388570642385
45,758056640625 0,0190115066812487
45,758056640625 0,0191796051628739
45,758056640625 0,0193431060283999
45,758056640625 0,0195019638798389
46,646511554718 0,019656134413668
46,6517686843872 0,0198055744323099
46,6570258140564 0,0199502418553551
46,6622829437256 0,0200900957305215
46,6675400733948 0,0202250962443486
46,672797203064 0,0203552047326247
46,6780543327332 0,0204803836905445
46,6833114624023 0,0206005967825933
46,6885685920715 0,0207158088521573
46,6938257217407 0,020825985930856
46,6990828514099 0,0209310952475964
46,7043399810791 0,0210311052373442
46,7095971107483 0,0211259855496126
46,7148542404175 0,0212157070566648
46,7201113700867 0,021300241861429
46,7253684997559 0,0213795633051236
46,730625629425 0,0214536459745919
46,7358827590942 0,0215224657093422
46,7411398887634 0,0215859996082946
46,7463970184326 0,0216442260362302
46,7516541481018 0,0216971246299428
46,756911277771 0,0217446763040912
46,7621684074402 0,0217868632567502
46,7674255371094 0,0218236689746599
46,7726826667786 0,0218550782381714
46,7779397964478 0,0218810771258871
46,7831969261169 0,0219016530189968
46,7884540557861 0,0219167946053052
46,7937111854553 0,0219264918829534
46,7989683151245 0,02193073616383
46,7989683151245 0,0219295200766747
46,7989683151245 0,0219228375698696
46,7989683151245 0,021910683913922
46,7989683151245 0,0218930557036335
46,7989683151245 0,0218699508599591
46,7989683151245 0,021841368631553
46,7989683151245 0,0218073095960018
46,7989683151245 0,0217677756607453
46,7989683151245 0,0217227700636837
46,7989683151245 0,0216722973734719
46,7989683151245 0,0216163634895006
46,7989683151245 0,0215549756415642
46,7989683151245 0,0214881423892159
46,7989683151245 0,0214158736208096
46,7989683151245 0,0213381805522303
46,7989683151245 0,0212550757253115
46,7989683151245 0,0211665730059417
46,7989683151245 0,0210726875818601
46,7989683151245 0,0209734359601417
46,7989683151245 0,0208688359643728
46,7989683151245 0,0207589067315189
46,7989683151245 0,0206436687084839
46,7989683151245 0,0205231436483635
46,7989683151245 0,0203973546063928
46,7989683151245 0,0202663259355903
46,7989683151245 0,0201300832820992
46,7989683151245 0,0199886535802268
46,7989683151245 0,019842065047186
46,7989683151245 0,0196903471775375
46,7989683151245 0,0195335307373374
46,7989683151245 0,0193716477579906
46,7989683151245 0,019204731529813
46,7989683151245 0,0190328165953041
46,7989683151245 0,0188559387421344
46,7989683151245 0,0186741349958479
46,7989683151245 0,0184874436122844
46,7989683151245 0,0182959040697248
46,7989683151245 0,0180995570607623
46,7989683151245 0,0178984444839034
46,7989683151245 0,0176926094349037
46,7989683151245 0,017482096197842
46,7989683151245 0,0172669502359379
46,7989683151245 0,0170472181821199
46,7989683151245 0,0168229478293472
46,7989683151245 0,0165941881206948
46,7989683151245 0,0163609891392075
46,7989683151245 0,0161234020975317
46,7989683151245 0,0158814793273351
46,7989683151245 0,0156352742685233
46,7989683151245 0,0153848414582669
46,7989683151245 0,0151302365198521
46,7989683151245 0,0148715161513704
46,7989683151245 0,0146087381142654
46,7989683151245 0,0143419612217591
46,7989683151245 0,0140712453271802
46,7989683151245 0,0137966513122249
46,7989683151245 0,0135182410751831
46,7989683151245 0,0132360775191718
46,7989683151245 0,0129502245404218
46,7989683151245 0,0126607470166792
46,7989683151245 0,0123677107957877
46,7989683151245 0,0120711826845415
46,7989683151245 0,0117712304379103
46,7989683151245 0,0114679227487685
46,7989683151245 0,0111613292382874
46,7989683151245 0,0108515204471932
46,7989683151245 0,0105385678281433
46,7989683151245 0,0102225437395436
46,7989683151245 0,00990352144122014
46,7989683151245 0,00958157509247723
46,7989683151245 0,00925677975323724
46,7989683151245 0,00892921138917656
46,7989683151245 0,0085989468820727
46,7989683151245 0,00826606404699529
46,7989683151245 0,00793064165856102
46,7989683151245 0,00759275948930819
46,7989683151245 0,00725249836445444
46,7989683151245 0,00690994023907563
46,7989683151245 0,00656516830639347
46,7989683151245 0,00621826714989504
46,7989683151245 0,00586932295828126
46,7989683151245 0,00551842383222362
46,7989683151245 0,0051656602282049
46,7989683151245 0,0048111256121
46,7989683151245 0,00445491744267116
46,7989683151245 0,00409713869071468
46,7989683151245 0,00373790026031154
46,7989683151245 0,00337732499567198
46,7989683151245 0,00301555461952437
46,7989683151245 0,00265276243161967
46,7989683151245 0,00228917820307498
46,7989683151245 0,00192514144043623
46,7989683151245 0,00156122924564513
46,7989683151245 0,00119861597971644
46,7989683151245 0,000840351442947949
46,7989683151245 0,000497999731854728
46,7989683151245 0,000252782398341091
46,7989683151245 0,000394202764359553
46,7989683151245 0,000723707351702756
46,7989683151245 0,00108164817804312
46,7989683151245 0,00144732722409224
46,7989683151245 0,00181620327419143
46,7989683151245 0,00218670333578109
46,7989683151245 0,00255810720037991
46,7989683151245 0,00293001235148404
46,7989683151245 0,00330215628969593
46,7989683151245 0,00367434595883526
46,7989683151245 0,00404642590331074
46,7989683151245 0,00441826246075881
46,7989683151245 0,00478973530969332
46,7989683151245 0,0051607326736032
46,7989683151245 0,00553114846503776
46,7989683151245 0,00590088051583681
46,7989683151245 0,00626982944358399
46,7989683151245 0,0066378979053885
46,7989683151245 0,00700499009545491
46,7989683151245 0,00737101140061853
46,7989683151245 0,00773586816088748
46,7989683151245 0,00809946750138772
46,7989683151245 0,00846171721385338
46,7989683151245 0,00882252567312514
46,7989683151245 0,0091818017787925
46,7989683151245 0,00953945491516399
46,7989683151245 0,00989539492477693
46,7989683151245 0,0102495320920315
46,7989683151245 0,010601777134479
46,7989683151245 0,0109520411999537
46,7989683151245 0,0113002358682077
46,7989683151245 0,0116462731560417
46,7989683151245 0,0119900655251686
46,7989683151245 0,0123315258922282
46,7989683151245 0,0126705676405018
46,7989683151245 0,0130071046329749
46,7989683151245 0,0133410512264738
46,7989683151245 0,0136723222866557
46,7989683151245 0,0140008332036803
46,7989683151245 0,0143264999084204
46,7989683151245 0,0146492388890994
46,7989683151245 0,0149689672082622
46,7989683151245 0,0152856025200035
46,7989683151245 0,015599063087391
46,7989683151245 0,0159092678000299
46,7989683151245 0,0162161361917248
46,7989683151245 0,0165195884582031
46,7989683151245 0,0168195454748659
46,7989683151245 0,0171159288145414
46,7989683151245 0,0174086607652153
46,7989683151245 0,0176976643477199
46,7989683151245 0,0179828633333622
46,7989683151245 0,0182641822614765
46,7989683151245 0,0185415464568869
46,7989683151245 0,0188148820472676
46,7989683151245 0,0190841159803895
46,7989683151245 0,0193491760412432
46,7989683151245 0,019609990869029
46,7989683151245 0,0198664899740053
46,7989683151245 0,0201186037541882
46,7989683151245 0,0203662635118943
46,7989683151245 0,0206094014701202
46,7989683151245 0,0208479507887528
46,7989683151245 0,0210818455806039
46,7989683151245 0,0213110209272642
46,7989683151245 0,0215354128947701
46,7989683151245 0,02175495854908
47,6663947105408 0,0219695959713541
47,67165184021 0,0221792642730332
47,6769089698791 0,0223839036107127
47,6821660995483 0,0225834552008067
47,6874232292175 0,0227778613339993
47,6926803588867 0,0229670653894776
47,6979374885559 0,0231510118489444
47,7031946182251 0,0233296463104051
47,7084517478943 0,0235029155017268
47,7137088775635 0,0236707672939655
47,7189660072327 0,0238331507144575
47,7242231369019 0,0239900159596731
47,7294802665711 0,024141314407828
47,7347373962402 0,0242869986312506
47,7399945259094 0,0244270224085014
47,7452516555786 0,0245613407362418
47,7505087852478 0,0246899098408502
47,755765914917 0,0248126871897811
47,7610230445862 0,0249296315026668
47,7662801742554 0,0250407027621567
47,7715373039246 0,0251458622244937
47,7767944335938 0,0252450724298245
47,7820515632629 0,0253382972122415
47,7873086929321 0,0254255017095531
47,7925658226013 0,0255066523727831
47,7978229522705 0,0255817169753933
47,8030800819397 0,0256506646222301
47,8083372116089 0,0257134657581922
47,8135943412781 0,0257700921766172
47,8188514709473 0,0258205170273855
47,8241086006165 0,0258647148247403
47,8293657302856 0,0259026614548213
47,8346228599548 0,0259343341829105
47,839879989624 0,0259597116603897
47,8451371192932 0,0259787739314064
47,8503942489624 0,0259915024392486
47,8556513786316 0,0259978800324258
47,8609085083008 0,0259978909704558
47,8609085083008 0,0259915209293561
47,8609085083008 0,025978757006838
47,8609085083008 0,0259595877272035
47,8609085083008 0,0259340030459439
47,8609085083008 0,0259019943540381
47,8609085083008 0,025863554481952
47,8609085083008 0,0258186777033358
47,8609085083008 0,0257673597384208
47,8609085083008 0,0257095977571141
47,8609085083008 0,0256453903817911
47,8609085083008 0,025574737689785
47,8609085083008 0,025497641215574
47,8609085083008 0,0254141039526654
47,8609085083008 0,0253241303551765
47,8609085083008 0,0252277263391131
47,8609085083008 0,0251248992833448
47,8609085083008 0,0250156580302784
47,8609085083008 0,0249000128862286
47,8609085083008 0,0247779756214881
47,8609085083008 0,0246495594700963
47,8609085083008 0,0245147791293082
47,8609085083008 0,0243736507587641
47,8609085083008 0,0242261919793617
47,8609085083008 0,024072421871831
47,8609085083008 0,0239123609750142
47,8609085083008 0,0237460312838519
47,8609085083008 0,0235734562470776
47,8609085083008 0,023394660764622
47,8609085083008 0,0232096711847307
47,8609085083008 0,0230185153007957
47,8609085083008 0,0228212223479066
47,8609085083008 0,0226178229991214
47,8609085083008 0,0224083493614632
47,8609085083008 0,0221928349716456
47,8609085083008 0,0219713147915312
47,8609085083008 0,0217438252033282
47,8609085083008 0,0215104040045324
47,8609085083008 0,0212710904026176
47,8609085083008 0,0210259250094857
47,8609085083008 0,0207749498356808
47,8609085083008 0,0205182082843792
47,8609085083008 0,0202557451451638
47,8609085083008 0,0199876065875967
47,8609085083008 0,0197138401546012
47,8609085083008 0,0194344947556713
47,8609085083008 0,0191496206599242
47,8609085083008 0,0188592694890183
47,8609085083008 0,0185634942099602
47,8609085083008 0,0182623491278277
47,8609085083008 0,0179558898784433
47,8609085083008 0,0176441734210351
47,8609085083008 0,017327258030931
47,8609085083008 0,0170052032923401
47,8609085083008 0,0166780700912848
47,8609085083008 0,016345920608761
47,8609085083008 0,0160088183142164
47,8609085083008 0,0156668279594611
47,8609085083008 0,0153200155731418
47,8609085083008 0,014968448455948
47,8609085083008 0,0146121951767494
47,8609085083008 0,0142513255699173
47,8609085083008 0,0138859107341391
47,8609085083008 0,0135160230331158
47,8609085083008 0,0131417360986326
47,8609085083008 0,0127631248366246
47,8609085083008 0,0123802654370329
47,8609085083008 0,011993235388476
47,8609085083008 0,0116021134990701
47,8609085083008 0,0112069799251459
47,8609085083008 0,0108079162101774
47,8609085083008 0,0104050053370238
47,8609085083008 0,00999833179768019
47,8609085083008 0,00958798168628349
47,8609085083008 0,00917404282335423
47,8609085083008 0,00875660492250276
47,8609085083008 0,00833575981565563
47,8609085083008 0,00791160176014402
47,8609085083008 0,00748422786222637
47,8609085083008 0,00705373866931094
47,8609085083008 0,00662023901171198
47,8609085083008 0,00618383922217923
47,8609085083008 0,00574465694255883
47,8609085083008 0,00530281987065843
47,8609085083008 0,00485847006530477
47,8609085083008 0,00441177093875479
47,8609085083008 0,00396291910596158
47,8609085083008 0,00351216551520095
47,8609085083008 0,00305985555689344
47,8609085083008 0,00260651137390733
47,8609085083008 0,0021530185984796
47,8609085083008 0,00170111061652551
47,8609085083008 0,00125488252385997
47,8609085083008 0,000827024389658473
47,8609085083008 0,000476201231401987
47,8609085083008 0,000456116022799623
47,8609085083008 0,000795202190338093
47,8609085083008 0,00122632284893114
47,8609085083008 0,00168119512383018
47,8609085083008 0,00214555960647616
47,8609085083008 0,00261494567279846
47,8609085083008 0,00308749371127215
47,8609085083008 0,00356226282399838
47,8609085083008 0,00403870018932266
47,8609085083008 0,00451643926137584
47,8609085083008 0,00499521172139061
47,8609085083008 0,00547480490635904
47,8609085083008 0,00595503951971478
47,8609085083008 0,0064357571956498
47,8609085083008 0,00691681319208273
47,8609085083008 0,00739807190875571
47,8609085083008 0,00787940403730534
47,8609085083008 0,00836068469296164
47,8609085083008 0,00884179215760826
47,8609085083008 0,00932260701535038
47,8609085083008 0,00980301154684641
47,8609085083008 0,010282889298344
47,8609085083008 0,0107621247711582
47,8609085083008 0,011240603195776
47,8609085083008 0,011718210366443
47,8609085083008 0,0121948325196541
47,8609085083008 0,0126703562449659
47,8609085083008 0,0131446684199126
47,8609085083008 0,0136176561631136
47,8609085083008 0,0140892068012591
47,8609085083008 0,0145592078467908
47,8609085083008 0,0150275469839016
47,8609085083008 0,0154941120610627
47,8609085083008 0,0159587910887105
47,8609085083008 0,016421472241045
47,8609085083008 0,0168820438611246
47,8609085083008 0,01734039446862
47,8609085083008 0,0177964127697262
47,8609085083008 0,0182499876688333
47,8609085083008 0,0187010082816382
47,8609085083008 0,0191493639494394
47,8609085083008 0,0195949442544092
47,8609085083008 0,0200376390356711
47,8609085083008 0,0204773384060459
47,8609085083008 0,0209139327693497
47,8609085083008 0,02134731283815
47,8609085083008 0,0217773696518987
47,8609085083008 0,0222039945953771
47,8609085083008 0,0226270794173938
47,8609085083008 0,0230465162496906
47,8609085083008 0,0234621976260126
47,8609085083008 0,0238740165013084
47,8609085083008 0,0242818662710309
47,8609085083008 0,0246856407905096
47,8609085083008 0,0250852343943742
47,8609085083008 0,0254805419160071
47,8609085083008 0,0258714587070075
48,6599922180176 0,0262578806566504
48,6652493476868 0,0266397042113281
48,670506477356 0,0270168263939583
48,6757636070251 0,0273891448233494
48,6810207366943 0,027756557733512
48,6862778663635 0,0281189639929057
48,6915349960327 0,0284762631236135
48,6967921257019 0,028828355320435
48,7020492553711 0,0291751414698906
48,7073063850403 0,0295165231691298
48,7125635147095 0,0298524027447366
48,7178206443787 0,0301826832714262
48,7230777740479 0,0305072685906255
48,728334903717 0,0308260633289345
48,7335920333862 0,0311389729164599
48,7388491630554 0,0314459036050179
48,7441062927246 0,0317467624862014
48,7493634223938 0,0320414575093048
48,754620552063 0,0323298974991041
48,7598776817322 0,0326119921734867
48,7651348114014 0,0328876521609269
48,7703919410706 0,0331567890178028
48,7756490707397 0,0334193152455508
48,7809062004089 0,0336751443076545
48,7861633300781 0,0339241906464618
48,7914204597473 0,0341663696998303
48,7966775894165 0,0344015979175939
48,8019347190857 0,0346297927778492
48,8071918487549 0,0348508728030573
48,8124489784241 0,0350647575759584
48,8177061080933 0,0352713677552956
48,8229632377624 0,035470625091344
48,8282203674316 0,0356624524412438
48,8334774971008 0,0358467737841327
48,83873462677 0,0360235142360749
48,8439917564392 0,0361926000647851
48,8492488861084 0,0363539587041425
48,8545060157776 0,0365075187684943
48,8597631454468 0,0366532100667441
48,865020275116 0,0367909636162241
48,8702774047851 0,0369207116563468
48,8755345344544 0,0370423876620354
48,8807916641235 0,0371559263569297
48,8860487937927 0,0372612637263644
48,8913059234619 0,0373583370301183
48,8965630531311 0,0374470848149324
48,9018201828003 0,0375274469267935
48,9070773124695 0,0375993645229815
48,9123344421387 0,0376627800838794
48,9175915718079 0,0377176374245421
48,9228487014771 0,0377638817060233
48,9281058311462 0,0378014594464579
48,9333629608154 0,0378303185318983
48,9386200904846 0,0378504082269024
48,9438772201538 0,0378616791848716
48,949134349823 0,0378640834581378
48,949134349823 0,037857574507796
48,949134349823 0,0378421072132824
48,949134349823 0,0378176378816963
48,949134349823 0,0377841242568627
48,949134349823 0,0377415255281364
48,949134349823 0,0376898023389441
48,949134349823 0,0376289167950649
48,949134349823 0,0375588324726461
48,949134349823 0,0374795144259545
48,949134349823 0,0373909291948617
48,949134349823 0,0372930448120608
48,949134349823 0,0371858308100162
48,949134349823 0,0370692582276424
48,949134349823 0,0369432996167127
48,949134349823 0,0368079290479971
48,949134349823 0,0366631221171265
48,949134349823 0,0365088559501846
48,949134349823 0,0363451092090253
48,949134349823 0,0361718620963161
48,949134349823 0,0359890963603049
48,949134349823 0,0357967952993118
48,949134349823 0,0355949437659443
48,949134349823 0,0353835281710346
48,949134349823 0,0351625364873004
48,949134349823 0,0349319582527272
48,949134349823 0,0346917845736725
48,949134349823 0,034442008127692
48,949134349823 0,0341826231660861
48,949134349823 0,0339136255161685
48,949134349823 0,0336350125832553
48,949134349823 0,0333467833523756
48,949134349823 0,0330489383897022
48,949134349823 0,0327414798437041
48,949134349823 0,0324244114460206
48,949134349823 0,0320977385120556
48,949134349823 0,0317614679412946
48,949134349823 0,0314156082173432
48,949134349823 0,0310601694076883
48,949134349823 0,0306951631631821
48,949134349823 0,030320602717249
48,949134349823 0,0299365028848176
48,949134349823 0,029542880060976
48,949134349823 0,0291397522193538
48,949134349823 0,0287271389102295
48,949134349823 0,0283050612583661
48,949134349823 0,0278735419605742
48,949134349823 0,0274326052830051
48,949134349823 0,0269822770581752
48,949134349823 0,0265225846817218
48,949134349823 0,0260535571088941
48,949134349823 0,0255752248507791
48,949134349823 0,0250876199702668
48,949134349823 0,0245907760777545
48,949134349823 0,0240847283265953
48,949134349823 0,0235695134082932
48,949134349823 0,0230451695474473
48,949134349823 0,0225117364964521
48,949134349823 0,0219692555299567
48,949134349823 0,0214177694390899
48,949134349823 0,0208573225254604
48,949134349823 0,0202879605949388
48,949134349823 0,0197097309512359
48,949134349823 0,01912268238929
48,949134349823 0,0185268651884837
48,949134349823 0,0179223311057139
48,949134349823 0,0173091333683478
48,949134349823 0,0166873266671067
48,949134349823 0,0160569671489371
48,949134349823 0,015418112409946
48,949134349823 0,0147708214885111
48,949134349823 0,0141151548587199
48,949134349823 0,0134511744243589
48,949134349823 0,0127789435137771
48,949134349823 0,0120985268761066
48,949134349823 0,0114099906795749
48,949134349823 0,0107134025130597
48,949134349823 0,0100088313927314
48,949134349823 0,00929634777683632
48,949134349823 0,00857602359385771
48,949134349823 0,0078479322933961
48,949134349823 0,00711214893723867
48,949134349823 0,00636875036513749
48,949134349823 0,00561781550819787
48,949134349823 0,00485942601691393
48,949134349823 0,0040936676280994
48,949134349823 0,00332063350391835
48,949134349823 0,00254043386330095
48,949134349823 0,00175323196303355
48,949134349823 0,000959460516144839
48,949134349823 0,000166433460877434
48,949134349823 0,000654708358944435
48,949134349823 0,0014685128864062
48,949134349823 0,00229002172182417
48,949134349823 0,0031183600395457
48,949134349823 0,0039533044795796
48,949134349823 0,00479472150032426
48,949134349823 0,00564250060178383
48,949134349823 0,00649653887162487
48,949134349823 0,00735673606880004
48,949134349823 0,00822299272414131
48,949134349823 0,00909520930396958
48,949134349823 0,00997328580661135
48,949134349823 0,0108571215552991
48,949134349823 0,0117466150879719
48,949134349823 0,0126416640982413
48,949134349823 0,0135421654049299
48,949134349823 0,0144480149383467
48,949134349823 0,0153591077367739
48,949134349823 0,01627533794942
48,949134349823 0,0171965988436014
48,949134349823 0,0181227828147747
48,949134349823 0,0190537813985488
48,949134349823 0,0199894852841059
48,949134349823 0,0209297843286558
48,949134349823 0,0218745675726648
48,949134349823 0,0228237232556803
48,949134349823 0,0237771388326271
48,949134349823 0,0247347009904822
48,949134349823 0,0256962956652632
48,949134349823 0,0266618080592798
48,949134349823 0,0276311226586122
48,949134349823 0,0286041232507858
48,949134349823 0,0295806929426214
48,949134349823 0,0305607141782416
48,949134349823 0,031544068757219
48,949134349823 0,0325306378528544
48,949134349823 0,0335203020305751
48,949134349823 0,0345129412664431
48,949134349823 0,0355084349657675
48,949134349823 0,0365066619818133
48,949134349823 0,0375075006346001
49,643075466156 0,0385108287297865
49,6483325958252 0,0395165235776337
49,6535897254944 0,0405244620120445
49,6588468551636 0,0415345204096723
49,6641039848328 0,0425465747090966
49,669361114502 0,0435605004300606
49,6746182441711 0,044576172692766
49,6798753738403 0,0455934662372223
49,6851325035095 0,0466122554426467
49,6903896331787 0,0476324143469098
49,6956467628479 0,0486538166660243
49,7009038925171 0,049676335813673
49,7061610221863 0,0506998449207725
49,7114181518555 0,0517242168550685
49,7166752815247 0,0527493242407602
49,7219324111938 0,0537750394781497
49,727189540863 0,0548012347633123
49,7324466705322 0,0558277821077865
49,7377038002014 0,0568545533582772
49,7429609298706 0,0578814202163714
49,7482180595398 0,0589082542582616
49,753475189209 0,0599349269544739
49,7587323188782 0,0609613096895972
49,7639894485474 0,0619872737820114
49,7692465782166 0,0630126905036088
49,7745037078857 0,0640374310995085
49,7797608375549 0,065061366807758
49,7850179672241 0,0660843688790197
49,7902750968933 0,0671063085962397
49,7955322265625 0,0681270572942949
49,8007893562317 0,0691464863796126
49,8060464859009 0,0701644673497681
49,8113036155701 0,0711808718130448
49,8165607452393 0,0721955715079633
49,8218178749084 0,0732084383227716
49,8270750045776 0,0742193443148956
49,8323321342468 0,0752281617303447
49,837589263916 0,076234763023071
49,8428463935852 0,0772390208742783
49,8481035232544 0,0782408082116774
49,8533606529236 0,0792399982286862
49,8586177825928 0,0802364644035696
49,863874912262 0,081230080518517
49,8691320419312 0,0822207206786549
49,8743891716003 0,0832082593309911
49,8796463012695 0,0841925712832873
49,8849034309387 0,0851735317228573
49,8901605606079 0,086151016235288
49,8954176902771 0,0871249008230807
49,9006748199463 0,0880950619242088
49,9059319496155 0,0890613764305895
49,9111890792847 0,0900237217064667
49,9164462089539 0,0909819756067029
49,921703338623 0,0919360164949757
49,9269604682922 0,0928857232618774
49,9322175979614 0,093830975342915
49,9374747276306 0,0947716527364065
49,9427318572998 0,0957076360212724
49,947988986969 0,0966388063747191
49,9532461166382 0,0975650455898106
49,9585032463074 0,0984862360929276
49,9637603759766 0,0994022609611095
49,9690175056457 0,100313003939279
49,9742746353149 0,101218349457344
49,9795317649841 0,102118182647175
49,9847888946533 0,103012389359461
49,9900460243225 0,103900856180427
49,9953031539917 0,104783470448433
50,0005602836609 0,105660120270425
50,0058174133301 0,106530694538261
50,0110745429993 0,107395082944895
50,0163316726685 0,108253176000416
50,0215888023376 0,10910486504795
50,0268459320068 0,109950042279413
50,032103061676 0,110788600751113
50,0373601913452 0,111620434399213
50,0426173210144 0,112445438055028
50,0478744506836 0,113263507460174
50,0531315803528 0,114074539281564
50,058388710022 0,11487843112624
50,0636458396912 0,115675081556042
50,0689029693604 0,116464390102125
50,0741600990295 0,117246257279295
50,0794172286987 0,118020584600194
50,0846743583679 0,118787274589306
50,0899314880371 0,119546230796794
50,0951886177063 0,12029735781217
50,1004457473755 0,12104056127778
50,1057028770447 0,121775747902123
50,1109600067139 0,122502825472985
50,1162171363831 0,123221702870396
50,1214742660522 0,123932290079406
50,1267313957214 0,124634498202674
50,1319885253906 0,125328239472874
50,1372456550598 0,126013427264917
50,142502784729 0,126689976107978
50,1477599143982 0,127357801697342
50,1530170440674 0,12801682090605
50,1582741737366 0,128666951796356
50,1635313034058 0,129308113630991
50,168788433075 0,129940226884229
50,1740455627441 0,130563213252757
50,1793026924133 0,131176995666343
50,1845598220825 0,131781498298309
50,1898169517517 0,1323766465758
50,1950740814209 0,132962367189853
50,2003312110901 0,133538588105255
50,2055883407593 0,134105238570208
50,2108454704285 0,134662249125777
50,2161026000977 0,135209551615137
50,2213597297668 0,135747079192609
50,226616859436 0,136274766332489
50,2318739891052 0,136792548837665
50,2371311187744 0,137300363848021
50,2423882484436 0,137798149848633
50,2476453781128 0,138285846677752
50,252902507782 0,138763395534563
50,2581596374512 0,139230738986746
50,2634167671204 0,139687820977804
50,2686738967896 0,140134586834188
50,2739310264587 0,140570983272199
50,2791881561279 0,14099695840467
50,2844452857971 0,141412461747433
50,2897024154663 0,141817444225568
50,2949595451355 0,142211858179428
50,3002166748047 0,142595657370447
50,3054738044739 0,142968796986726
50,3107309341431 0,143331233648398
50,3159880638122 0,14368292541277
50,3212451934814 0,144023831779244
50,3265023231506 0,144353913694019
50,3317594528198 0,14467313355456
50,337016582489 0,144981455213857
50,3422737121582 0,145278843984449
50,3475308418274 0,14556526664223
50,3527879714966 0,145840691430033
50,3580451011658 0,146105088060985
50,363302230835 0,146358427721639
50,3685593605042 0,146600683074883
50,3738164901733 0,146831828262627
50,3790736198425 0,147051838908261
50,3843307495117 0,147260692118886
50,3895878791809 0,147458366487334
50,3948450088501 0,147644842093947
50,4001021385193 0,147820100508143
50,4053592681885 0,147984124789752
50,4106163978577 0,148136899490136
50,4158735275269 0,148278410653071
50,421130657196 0,148408645815423
50,4263877868652 0,148527594007588
50,4316449165344 0,148635245753712
50,4369020462036 0,148731593071692
50,4421591758728 0,148816629472954
50,447416305542 0,148890349962004
50,4526734352112 0,148952751035763
50,4579305648804 0,149003830682683
50,4631876945496 0,149043588381632
50,4684448242188 0,149072025100573
50,4737019538879 0,149089143295015
50,4789590835571 0,149094946906245
50,4789590835571 0,149089441359347
50,4789590835571 0,149072633561003
50,4789590835571 0,149044531897067
50,4789590835571 0,149005146229942
50,4789590835571 0,148954487895723
50,4789590835571 0,148892569701135
50,4789590835571 0,14881940592026
50,4789590835571 0,14873501229104
50,4789590835571 0,148639406011583
50,4789590835571 0,148532605736242
50,4789590835571 0,148414631571497
50,4789590835571 0,148285505071623
50,4789590835571 0,148145249234145
50,4789590835571 0,147993888495093
50,4789590835571 0,147831448724049
50,4789590835571 0,147657957218987
50,4789590835571 0,147473442700909
50,4789590835571 0,147277935308282
50,4789590835571 0,147071466591266
50,4789590835571 0,146854069505752
50,4789590835571 0,146625778407188
50,4789590835571 0,146386629044218
50,4789590835571 0,146136658552121
50,4789590835571 0,145875905446048
50,4789590835571 0,145604409614075
50,4789590835571 0,145322212310055
50,4789590835571 0,145029356146283
50,4789590835571 0,144725885085969
50,4789590835571 0,144411844435525
50,4789590835571 0,144087280836657
50,4789590835571 0,143752242258284
50,4789590835571 0,143406777988259
50,4789590835571 0,143050938624916
50,4789590835571 0,142684776068434
50,4789590835571 0,142308343512021
50,4789590835571 0,141921695432915
50,4789590835571 0,141524887583219
50,4789590835571 0,141117976980548
50,4789590835571 0,140701021898517
50,4789590835571 0,140274081857043
50,4789590835571 0,139837217612488
50,4789590835571 0,139390491147629
50,4789590835571 0,138933965661461
50,4789590835571 0,138467705558839
50,4789590835571 0,137991776439952
50,4789590835571 0,137506245089639
50,4789590835571 0,137011179466546
50,4789590835571 0,136506648692124
50,4789590835571 0,13599272303947
50,4789590835571 0,13546947392202
50,4789590835571 0,134936973882081
50,4789590835571 0,134395296579223
50,4789590835571 0,133844516778514
50,4789590835571 0,133284710338614
50,4789590835571 0,132715954199725
50,4789590835571 0,132138326371394
50,4789590835571 0,131551905920182
50,4789590835571 0,130956772957192
50,4789590835571 0,130353008625458
50,4789590835571 0,129740695087206
50,4789590835571 0,129119915510974
50,4789590835571 0,128490754058613
50,4789590835571 0,127853295872153
50,4789590835571 0,127207627060541
50,4789590835571 0,126553834686262
50,4789590835571 0,125892006751837
50,4789590835571 0,125222232186194
50,4789590835571 0,124544600830931
50,4789590835571 0,123859203426462
50,4789590835571 0,123166131598044
50,4789590835571 0,122465477841698
50,4789590835571 0,121757335510027
50,4789590835571 0,121041798797912
50,4789590835571 0,120318962728121
50,4789590835571 0,119588923136806
50,4789590835571 0,1188517766589
50,4789590835571 0,118107620713426
50,4789590835571 0,117356553488697
50,4789590835571 0,116598673927435
50,4789590835571 0,115834081711796
50,4789590835571 0,115062877248301
50,4789590835571 0,11428516165269
50,4789590835571 0,113501036734686
50,4789590835571 0,11271060498268
50,4789590835571 0,11191396954834
50,4789590835571 0,111111234231134
50,4789590835571 0,110302503462792
50,4789590835571 0,109487882291681
50,4789590835571 0,108667476367128
50,4789590835571 0,107841391923657
50,4789590835571 0,107009735765178
50,4789590835571 0,1061726152491
50,4789590835571 0,105330138270392
50,4789590835571 0,104482413245587
50,4789590835571 0,103629549096722
50,4789590835571 0,102771655235237
50,4789590835571 0,101908841545811
50,4789590835571 0,101041218370164
50,4789590835571 0,100168896490797
50,4789590835571 0,0992919871147065
50,4789590835571 0,0984106018570403
50,4789590835571 0,0975248527247295
50,4789590835571 0,0966348521000763
50,4789590835571 0,0957407127243104
50,4789590835571 0,0948425476811147
50,4789590835571 0,0939404703801217
50,4789590835571 0,0930345945403833
50,4789590835571 0,0921250341738178
50,4789590835571 0,091211903568634
50,4789590835571 0,0902953172727372
50,4789590835571 0,0893753900771189
50,4789590835571 0,0884522369992308
50,4789590835571 0,087525973266349
50,4789590835571 0,0865967142989275
50,4789590835571 0,085664575693945
50,4789590835571 0,0847296732082483
50,4789590835571 0,0837921227418921
50,4789590835571 0,0828520403214801
50,4789590835571 0,0819095420835093
50,4789590835571 0,0809647442577183
50,4789590835571 0,0800177631504447
50,4789590835571 0,0790687151279913
50,4789590835571 0,0781177166000055
50,4789590835571 0,0771648840028739
50,4789590835571 0,0762103337831335
50,4789590835571 0,0752541823809038
50,4789590835571 0,0742965462133364
50,4789590835571 0,0733375416580995
50,4789590835571 0,072377285036878
50,4789590835571 0,0714158925989092
50,4789590835571 0,0704534805045492
50,4789590835571 0,0694901648088726
50,4789590835571 0,06852606144531
50,4789590835571 0,0675612862093233
50,4789590835571 0,0665959547421231
50,4789590835571 0,0656301825144299
50,4789590835571 0,0646640848102809
50,4789590835571 0,0636977767108862
50,4789590835571 0,062731373078535
50,4789590835571 0,0617649885405563
50,4789590835571 0,0607987374733348
50,4789590835571 0,0598327339863849
50,4789590835571 0,0588670919064857
50,4789590835571 0,0579019247618794
50,4789590835571 0,0569373457665347
50,4789590835571 0,0559734678044785
50,4789590835571 0,0550104034141987
50,4789590835571 0,0540482647731193
50,4789590835571 0,0530871636821518
50,4789590835571 0,0521272115503248
50,4789590835571 0,0511685193794942
50,4789590835571 0,0502111977491373
50,4789590835571 0,0492553568012336
50,4789590835571 0,0483011062252345
50,4789590835571 0,0473485552431248
50,4789590835571 0,0463978125945804
50,4789590835571 0,0454489865222237
50,4789590835571 0,0445021847569809
50,4789590835571 0,0435575145035443
50,4789590835571 0,0426150824259439
50,4789590835571 0,0416749946332315
50,4789590835571 0,0407373566652823
50,4789590835571 0,0398022734787178
50,4789590835571 0,0388698494329559
50,4789590835571 0,0379401882763934
50,4789590835571 0,0370133931327264
50,4789590835571 0,0360895664874177
50,4789590835571 0,0351688101743161
50,4789590835571 0,0342512253624394
50,4789590835571 0,0333369125429297
50,4789590835571 0,0324259715161942
50,4789590835571 0,0315185013792448
50,4789590835571 0,0306146005132544
50,4789590835571 0,0297143665713487
50,4789590835571 0,0288178964666594
50,4789590835571 0,0279252863606658
50,4789590835571 0,0270366316518626
50,4789590835571 0,0261520269647974
50,4789590835571 0,0252715661395318
50,4789590835571 0,0243953422215961
50,4789590835571 0,0235234474525229
50,4789590835571 0,0226559732610703
50,4789590835571 0,0217930102552766
50,4789590835571 0,0209346482155286
50,4789590835571 0,0200809760888848
50,4789590835571 0,0192320819849688
50,4789590835571 0,0183880531738576
50,4789590835571 0,0175489760865352
50,4789590835571 0,016714936318694
50,4789590835571 0,0158860186389668
50,4789590835571 0,0150623070031102
50,4789590835571 0,0142438845763124
50,4789590835571 0,0134308337667738
50,4789590835571 0,0126232362752221
50,4789590835571 0,0118211731673861
50,4789590835571 0,0110247249802781
50,4789590835571 0,0102339718794551
50,4789590835571 0,00944899389522708
50,4789590835571 0,008669871284873
50,4789590835571 0,00789668510303192
50,4789590835571 0,00712951813004993
50,4789590835571 0,00636845644541489
50,4789590835571 0,00561359223076725
50,4789590835571 0,00486502908213168
50,4789590835571 0,00412289289814033
50,4789590835571 0,00338735659716295
50,4789590835571 0,00265870459764759
50,4789590835571 0,00193753874320851
50,4789590835571 0,00122569280175225
50,4789590835571 0,000534313032627316
50,4789590835571 0,000274659392157464
50,4789590835571 0,000918671667412415
50,4789590835571 0,00160086626757199
50,4789590835571 0,00228112961550806
50,4789590835571 0,00295599853085808
50,4789590835571 0,00362456988512059
50,4789590835571 0,00428647799999749
50,4789590835571 0,00494152806441098
50,4789590835571 0,00558959402108302
50,4789590835571 0,00623058225847491
50,4789590835571 0,00686441644105656
50,4789590835571 0,00749103039361697
50,4789590835571 0,00811036445825557
50,4789590835571 0,00872236349682158
50,4789590835571 0,00932697573340086
50,4789590835571 0,00992415205246665
50,4789590835571 0,0105138455569348
50,4789590835571 0,0110960112808811
50,4789590835571 0,0116706059976835
50,4789590835571 0,0122375880889075
50,4789590835571 0,0127969174529207
50,4789590835571 0,0133485554401138
50,4789590835571 0,0138924648063173
50,4789590835571 0,0144286096788865
50,4789590835571 0,0149569555317506
50,4789590835571 0,0154774691668915
50,4789590835571 0,0159901187004898
50,4789590835571 0,0164948735524902
50,4789590835571 0,0169917044386938
50,4789590835571 0,0174805833647263
50,4789590835571 0,0179614836214043
50,4789590835571 0,0184343797811429
50,4789590835571 0,0188992476951375
50,4789590835571 0,0193560644911156
50,4789590835571 0,0198048085715033
50,4789590835571 0,0202454596118841
50,4789590835571 0,0206779985596588
50,4789590835571 0,0211024076328293
50,4789590835571 0,0215186703188509
50,4789590835571 0,021926771373504
50,4789590835571 0,0223266968197505
50,4789590835571 0,0227184339465423
50,4789590835571 0,0231019713075603
50,4789590835571 0,0234772987198613
50,4789590835571 0,0238444072624205
50,4789590835571 0,0242032892745512
50,4789590835571 0,0245539383541968
50,4789590835571 0,0248963493560809
50,4789590835571 0,0252305183897116
50,4789590835571 0,0255564428172323
50,4789590835571 0,0258741212511142
50,4789590835571 0,0261835535516864
50,4789590835571 0,0264847408245007
50,4789590835571 0,0267776854175265
50,4789590835571 0,027062390918176
50,4789590835571 0,0273388621501557
50,4789590835571 0,0276071051701433
50,4789590835571 0,0278671272642895
50,4789590835571 0,0281189369445427
50,4789590835571 0,0283625439447966
50,4789590835571 0,0285979592168599
50,4789590835571 0,0288251949262475
50,4789590835571 0,029044264447794
50,4789590835571 0,0292551823610881
50,4789590835571 0,0294579644457296
50,4789590835571 0,029652627676407
50,4789590835571 0,029839190217799
50,4789590835571 0,030017671419297
50,4789590835571 0,0301880918095515
50,4789590835571 0,0303504730908423
50,4789590835571 0,030504838133272
50,4789590835571 0,0306512109687855
50,4789590835571 0,0307896167850144
50,4789590835571 0,0309200819189479
50,4789590835571 0,0310426338504311
50,4789590835571 0,0311573011954913
50,4789590835571 0,0312641136994936
50,4789590835571 0,0313631022301263
50,4789590835571 0,0314542987702173
50,4789590835571 0,0315377364103827
50,4789590835571 0,0316134493415088
50,4789590835571 0,0316814728470681
50,4789590835571 0,031741843295271
50,4789590835571 0,0317945981310538
50,4789590835571 0,0318397758679056
50,4789590835571 0,0318774160795331
50,4789590835571 0,0319075593913666
50,4789590835571 0,0319302474719083
50,4789590835571 0,0319455230239225
50,4789590835571 0,0319534297754713
50,4789590835571 0,0319540124707961
50,4789590835571 0,0319473168610468
50,4789590835571 0,0319333896948586
50,4789590835571 0,0319122787087811
50,4789590835571 0,0318840326175581
50,4789590835571 0,0318487011042607
50,4789590835571 0,0318063348102765
50,4789590835571 0,0317569853251545
50,4789590835571 0,0317007051763087
50,4789590835571 0,0316375478185818
50,4789590835571 0,0315675676236701
50,4789590835571 0,0314908198694121
50,4789590835571 0,0314073607289417
50,4789590835571 0,0313172472597093
50,4789590835571 0,03122053739237
50,4789590835571 0,0311172899195432
50,4789590835571 0,0310075644844442
50,4789590835571 0,03089142156939
50,4789590835571 0,0307689224841804
50,4789590835571 0,0306401293543578
50,4789590835571 0,0305051051093461
50,4789590835571 0,0303639134704716
50,4789590835571 0,030216618938867
50,4789590835571 0,0300632867832621
50,4789590835571 0,0299039830276607
50,4789590835571 0,0297387744389081
50,4789590835571 0,0295677285141498
50,4789590835571 0,0293909134681839
50,4789590835571 0,0292083982207095
50,4789590835571 0,0290202523834728
50,4789590835571 0,0288265462473131
50,4789590835571 0,0286273507691108
50,4789590835571 0,0284227375586402
50,4789590835571 0,0282127788653279
50,4789590835571 0,0279975475649203
50,4789590835571 0,027777117146062
50,4789590835571 0,0275515616967868
50,4789590835571 0,0273209558909239
50,4789590835571 0,0270853749744222
50,4789590835571 0,0268448947515937
50,4789590835571 0,0265995915712795
50,4789590835571 0,0263495423129392
50,4789590835571 0,0260948243726682
50,4789590835571 0,0258355156491431
50,4789590835571 0,0255716945294985
50,4789590835571 0,0253034398751376
50,4789590835571 0,0250308310074793
50,4789590835571 0,0247539476936426
50,4789590835571 0,0244728701320729
50,4789590835571 0,0241876789381111
50,4789590835571 0,0238984551295082
50,4789590835571 0,0236052801118884
50,4789590835571 0,0233082356641622
50,4789590835571 0,0230074039238932
50,4789590835571 0,0227028673726199
50,4789590835571 0,0223947088211354
50,4789590835571 0,0220830113947283
50,4789590835571 0,0217678585183858
50,4789590835571 0,0214493339019629
50,4789590835571 0,0211275215253195
50,4789590835571 0,020802505623428
50,4789590835571 0,0204743706714548
50,4789590835571 0,0201432013698168
50,4789590835571 0,0198090826292172
50,4789590835571 0,019472099555662
