49,001 111,982512793279
49,002 113,374825579694
49,003 114,770187386348
49,004 116,168515192863
49,005 117,569729068887
49,006 118,973752010646
49,007 120,380509787379
49,008 121,789930796874
49,009 123,201945929671
49,01 124,616488441344
49,011 126,033493832158
49,012 127,452899733846
49,013 128,874645802926
49,014 130,298673620162
49,015 131,724926595693
49,016 133,153349879716
49,017 134,583890278014
49,018 136,016496172295
49,019 137,451117445043
49,02 138,887705408352
49,021 140,326212736706
49,0219999999999 141,766593403601
49,0229999999999 143,208802621264
49,0239999999999 144,652796783852
49,0249999999999 146,098533413666
49,0259999999999 147,54597111007
49,0269999999999 148,995069501194
49,0279999999999 150,4457891981
49,0289999999999 151,898091751493
49,0299999999999 153,351939610369
49,0309999999999 154,807296082992
49,0319999999999 156,264125299819
49,0329999999999 157,722392178232
49,0339999999999 159,182062389061
49,0349999999999 160,643102324803
49,0359999999999 162,105479069379
49,0369999999999 163,569160369356
49,0379999999999 165,034114606632
49,0389999999999 166,500310772393
49,0399999999999 167,967718442296
49,0409999999999 169,436307752938
49,0419999999999 170,906049379345
49,0429999999999 172,376914513523
49,0439999999999 173,848874844109
49,0449999999999 175,321902536873
49,0459999999999 176,795970216128
49,0469999999999 178,271050947061
49,0479999999999 179,747118218807
49,0489999999999 181,224145928285
49,0499999999999 182,702108364832
49,0509999999999 184,180980195458
49,0519999999999 185,66073645077
49,0529999999999 187,141352511531
49,0539999999999 188,622804095864
49,0549999999999 190,105067246816
49,0559999999999 191,588118320769
49,0569999999999 193,071933976082
49,0579999999999 194,556491162336
49,0589999999999 196,041767110066
49,0599999999999 197,527739320852
49,0609999999999 199,01438555786
49,0619999999999 200,501683836815
49,0629999999999 201,989612417301
49,0639999999999 203,478149794418
49,0649999999998 204,967274690846
49,0659999999998 206,456966049168
49,0669999999998 207,947203024515
49,0679999999998 209,437964977558
49,0689999999998 210,929231467748
49,0699999999998 212,420982246772
49,0709999999998 213,913197252411
49,0719999999998 215,405856602505
49,0729999999998 216,898940589179
49,0739999999998 218,392429673419
49,0749999999998 219,886304479716
49,0759999999998 221,380545790895
49,0769999999998 222,875134543351
49,0779999999998 224,370051822277
49,0789999999998 225,865278857089
49,0799999999998 227,360797017134
49,0809999999998 228,856587807474
49,0819999999998 230,352632864853
49,0829999999998 231,848913953803
49,0839999999998 233,34541296296
49,0849999999998 234,842111901344
49,0859999999998 236,338992895071
49,0869999999998 237,836038183887
49,0879999999998 239,333230117963
49,0889999999998 240,830551154874
49,0899999999998 242,327983856575
49,0909999999998 243,825510886485
49,0919999999998 245,323115006794
49,0929999999998 246,820779075776
49,0939999999998 248,318486045151
49,0949999999998 249,816218957679
49,0959999999998 251,313960944743
49,0969999999998 252,811695224045
49,0979999999998 254,309405097354
49,0989999999998 255,807073948389
49,0999999999998 257,304685240747
49,1009999999998 258,802222515893
49,1019999999998 260,299669391202
49,1029999999998 261,797009558191
49,1039999999998 263,294226780602
49,1049999999998 264,791304892745
49,1059999999998 266,288227797826
49,1069999999998 267,784979466249
49,1079999999997 269,281543934186
49,1089999999997 270,777905301942
49,1099999999997 272,274047732568
49,1109999999997 273,769955450444
49,1119999999997 275,26561273992
49,1129999999997 276,761003943986
49,1139999999997 278,256113463015
49,1149999999997 279,750925753566
49,1159999999997 281,245425327118
49,1169999999997 282,739596749046
49,1179999999997 284,233424637428
49,1189999999997 285,726893661978
49,1199999999997 287,219988543062
49,1209999999997 288,712694050672
49,1219999999997 290,204995003437
49,1229999999997 291,696876267771
49,1239999999997 293,188322756867
49,1249999999997 294,679319429893
49,1259999999997 296,169851291158
49,1269999999997 297,659903389262
49,1279999999997 299,149460816298
49,1289999999997 300,638508707148
49,1299999999997 302,127032238731
49,1309999999997 303,615016629234
49,1319999999997 305,102447137489
49,1329999999997 306,589309062323
49,1339999999997 308,075587741823
49,1349999999997 309,561268552809
49,1359999999997 311,046336910217
49,1369999999997 312,530778266475
49,1379999999997 314,014578110967
49,1389999999997 315,49772196956
49,1399999999997 316,980195403918
49,1409999999997 318,461984011167
49,1419999999997 319,943073423333
49,1429999999997 321,42344930683
49,1439999999997 322,903097362083
49,1449999999997 324,382003323053
49,1459999999997 325,860152956775
49,1469999999997 327,337532063013
49,1479999999997 328,814126473827
49,1489999999997 330,289922053187
49,1499999999997 331,764904696619
49,1509999999996 333,239060330832
49,1519999999996 334,712374913366
49,1529999999996 336,184834432318
49,1539999999996 337,656424905944
49,1549999999996 339,127132382374
49,1559999999996 340,596942939347
49,1569999999996 342,065842683882
49,1579999999996 343,533817752041
49,1589999999996 345,000854308583
49,1599999999996 346,466938546811
49,1609999999996 347,932056688254
49,1619999999996 349,396194982445
49,1629999999996 350,859339706676
49,1639999999996 352,321477165833
49,1649999999996 353,782593692093
49,1659999999996 355,242675644785
49,1669999999996 356,701709410203
49,1679999999996 358,15968140133
49,1689999999996 359,616578057778
49,1699999999996 361,07238584549
49,1709999999996 362,527091256662
49,1719999999996 363,980680809568
49,1729999999996 365,433141048356
49,1739999999996 366,884458542927
49,1749999999996 368,334619888817
49,1759999999996 369,783611707073
49,1769999999996 371,231420644025
49,1779999999996 372,678033371274
49,1789999999996 374,123436585532
49,1799999999996 375,567617008479
49,1809999999996 377,01056138671
49,1819999999996 378,452256491609
49,1829999999996 379,892689119223
49,1839999999996 381,331846090189
49,1849999999996 382,769714249715
49,1859999999996 384,206280467348
49,1869999999996 385,641531637046
49,1879999999996 387,075454677017
49,1889999999996 388,508036529637
49,1899999999996 389,93926416148
49,1909999999996 391,369124563152
49,1919999999996 392,79760474927
49,1929999999996 394,224691758416
49,1939999999995 395,650372653128
49,1949999999995 397,074634519723
49,1959999999995 398,497464468396
49,1969999999995 399,918849633115
49,1979999999995 401,338777171523
49,1989999999995 402,757234265094
49,1999999999995 404,174208118887
49,2009999999995 405,589685961616
49,2019999999995 407,003655045642
49,2029999999995 408,416102646953
49,2039999999995 409,827016065047
49,2049999999995 411,236382623067
49,2059999999995 412,644189667671
49,2069999999995 414,050424569063
49,2079999999995 415,455074720984
49,2089999999995 416,858127540722
49,2099999999995 418,259570469067
49,2109999999995 419,659390970341
49,2119999999995 421,057576532396
49,2129999999995 422,454114666627
49,2139999999995 423,848992907938
49,2149999999995 425,242198814785
49,2159999999995 426,63371996918
49,2169999999995 428,023543976682
49,2179999999995 429,411658466469
49,2189999999995 430,79805109125
49,2199999999995 432,182709527409
49,2209999999995 433,565621474918
49,2219999999995 434,946774657409
49,2229999999995 436,326156822185
49,2239999999995 437,703755740247
49,2249999999995 439,079559206327
49,2259999999995 440,453555038898
49,2269999999995 441,825731080205
49,2279999999995 443,196075196326
49,2289999999995 444,564575277163
49,2299999999995 445,931219236478
49,2309999999995 447,295995011995
49,2319999999995 448,658890565304
49,2329999999995 450,019893882047
49,2339999999995 451,378992971872
49,2349999999995 452,736175868451
49,2359999999995 454,091430629597
49,2369999999994 455,444745337271
49,2379999999994 456,796108097585
49,2389999999994 458,145507040908
49,2399999999994 459,492930321898
49,2409999999994 460,838366119501
49,2419999999994 462,181802637064
49,2429999999994 463,523228102355
49,2439999999994 464,86263076758
49,2449999999994 466,199998909504
49,2459999999994 467,535320829472
49,2469999999994 468,868584853385
49,2479999999994 470,199779331902
49,2489999999994 471,528892640363
49,2499999999994 472,855913178911
49,2509999999994 474,180829372535
49,2519999999994 475,503629671124
49,2529999999994 476,824302549508
49,2539999999994 478,142836507539
49,2549999999994 479,459220070155
49,2559999999994 480,773441787429
49,2569999999994 482,085490234575
49,2579999999994 483,39535401214
49,2589999999994 484,703021745907
49,2599999999994 486,008482087093
49,2609999999994 487,311723712343
49,2619999999994 488,612735323776
49,2629999999994 489,911505649089
49,2639999999994 491,208023441656
49,2649999999994 492,502277480478
49,2659999999994 493,794256570339
49,2669999999994 495,083949541888
49,2679999999994 496,371345251615
49,2689999999994 497,65643258199
49,2699999999994 498,939200441529
49,2709999999994 500,219637764817
49,2719999999994 501,497733512608
49,2729999999994 502,77347667191
49,2739999999994 504,046856255987
49,2749999999994 505,317861304532
49,2759999999994 506,586480883631
49,2769999999994 507,852704085899
49,2779999999994 509,116520030527
49,2789999999994 510,37791786338
49,2799999999993 511,636886757011
49,2809999999993 512,89341591079
49,2819999999993 514,147494550968
49,2829999999993 515,399111930686
49,2839999999993 516,64825733016
49,2849999999993 517,894920056632
49,2859999999993 519,139089444553
49,2869999999993 520,380754855565
49,2879999999993 521,619905678611
49,2889999999993 522,85653133008
49,2899999999993 524,090621253717
49,2909999999993 525,322164920858
49,2919999999993 526,551151830428
49,2929999999993 527,77757150901
49,2939999999993 529,001413510945
49,2949999999993 530,22266741842
49,2959999999993 531,441322841488
49,2969999999993 532,657369418195
49,2979999999993 533,870796814666
49,2989999999993 535,08159472509
49,2999999999993 536,289752871914
49,3009999999993 537,495261005848
49,3019999999993 538,69810890594
49,3029999999993 539,898286379691
49,3039999999993 541,095783263115
49,3049999999993 542,290589420788
49,3059999999993 543,482694745931
49,3069999999993 544,672089160576
49,3079999999993 545,858762615494
49,3089999999993 547,042705090376
49,3099999999993 548,223906593888
49,3109999999993 549,402357163727
49,3119999999993 550,578046866732
49,3129999999993 551,750965798916
49,3139999999993 552,921104085574
49,3149999999993 554,088451881377
49,3159999999993 555,252999370407
49,3169999999993 556,414736766257
49,3179999999993 557,573654312108
49,3189999999993 558,729742280822
49,3199999999993 559,882990974957
49,3209999999993 561,033390726942
49,3219999999993 562,180931899051
49,3229999999992 563,325604883581
49,3239999999992 564,467400102839
49,3249999999992 565,60630800929
49,3259999999992 566,742319085578
49,3269999999992 567,875423844646
49,3279999999992 569,005612829808
49,3289999999992 570,132876614774
49,3299999999992 571,257205803816
49,3309999999992 572,378591031795
49,3319999999992 573,497022964183
49,3329999999992 574,612492297288
49,3339999999992 575,724989758172
49,3349999999992 576,834506104832
49,3359999999992 577,94103212622
49,3369999999992 579,044558642393
49,3379999999992 580,145076504485
49,3389999999992 581,242576594859
49,3399999999992 582,337049827201
49,3409999999992 583,428487146483
49,3419999999992 584,516879529189
49,3429999999992 585,602217983306
49,3439999999992 586,684493548386
49,3449999999992 587,763697295676
49,3459999999992 588,83982032817
49,3469999999992 589,912853780672
49,3479999999992 590,982788819905
49,3489999999992 592,049616644558
49,3499999999992 593,113328485362
49,3509999999992 594,173915605186
49,3519999999992 595,231369299115
49,3529999999992 596,285680894515
49,3539999999992 597,336841751065
49,3549999999992 598,384843260932
49,3559999999992 599,429676848764
49,3569999999992 600,47133397179
49,3579999999992 601,509806119904
49,3589999999992 602,545084815736
49,3599999999992 603,577161614698
49,3609999999992 604,606028105137
49,3619999999992 605,63167590831
49,3629999999992 606,654096678532
49,3639999999992 607,673282103211
49,3649999999991 608,689223902965
49,3659999999991 609,701913831618
49,3669999999991 610,711343676393
49,3679999999991 611,717505257842
49,3689999999991 612,720390430052
49,3699999999991 613,719991080642
49,3709999999991 614,716299130869
49,3719999999991 615,709306535659
49,3729999999991 616,69900528374
49,3739999999991 617,685387397693
49,3749999999991 618,668444933984
49,3759999999991 619,648169983089
49,3769999999991 620,624554669562
49,3779999999991 621,597591152082
49,3789999999991 622,5672716235
49,3799999999991 623,533588311042
49,3809999999991 624,496533476196
49,3819999999991 625,456099414925
49,3829999999991 626,412278457692
49,3839999999991 627,365062969477
49,3849999999991 628,314445349957
49,3859999999991 629,260418033539
49,3869999999991 630,202973489328
49,3879999999991 631,14210422135
49,3889999999991 632,077802768559
49,3899999999991 633,010061704854
49,3909999999991 633,938873639253
49,3919999999991 634,864231215878
49,3929999999991 635,786127114069
49,3939999999991 636,70455404845
49,3949999999991 637,619504768972
49,3959999999991 638,530972061018
49,3969999999991 639,438948745462
49,3979999999991 640,34342767872
49,3989999999991 641,244401752799
49,3999999999991 642,141863895464
49,4009999999991 643,035807070201
49,4019999999991 643,926224276333
49,4029999999991 644,813108549075
49,4039999999991 645,696452959621
49,4049999999991 646,576250615164
49,4059999999991 647,452494659037
49,4069999999991 648,325178270742
49,407999999999 649,194294666
49,408999999999 650,059837096814
49,409999999999 650,921798851593
49,410999999999 651,780173255186
49,411999999999 652,634953668888
49,412999999999 653,486133490628
49,413999999999 654,333706154965
49,414999999999 655,177665133104
49,415999999999 656,018003933059
49,416999999999 656,854716099693
49,417999999999 657,687795214729
49,418999999999 658,517234896866
49,419999999999 659,343028801833
49,420999999999 660,165170622456
49,421999999999 660,98365408872
49,422999999999 661,798472967816
49,423999999999 662,609621064224
49,424999999999 663,417092219778
49,425999999999 664,220880313755
49,426999999999 665,020979262845
49,427999999999 665,817383021327
49,428999999999 666,610085581082
49,429999999999 667,399080971613
49,430999999999 668,184363260194
49,431999999999 668,965926551908
49,432999999999 669,743764989618
49,433999999999 670,517872754158
49,434999999999 671,288244064335
49,435999999999 672,054873176982
49,436999999999 672,817754387037
49,437999999999 673,576882027605
49,438999999999 674,332250469982
49,439999999999 675,083854123778
49,440999999999 675,831687436976
49,441999999999 676,575744895885
49,442999999999 677,316021025322
49,443999999999 678,052510388663
49,444999999999 678,785207587794
49,445999999999 679,514107263284
49,446999999999 680,23920409444
49,447999999999 680,960492799238
49,448999999999 681,677968134557
49,449999999999 682,391624896127
49,4509999999989 683,10145791861
49,4519999999989 683,807462075666
49,4529999999989 684,509632280039
49,4539999999989 685,207963483532
49,4549999999989 685,902450677125
49,4559999999989 686,593088891094
49,4569999999989 687,279873194893
49,4579999999989 687,962798697414
49,4589999999989 688,641860546883
49,4599999999989 689,317053931009
49,4609999999989 689,988374076997
49,4619999999989 690,655816251625
49,4629999999989 691,319375761308
49,4639999999989 691,979047952107
49,4649999999989 692,634828209845
49,4659999999989 693,286711960111
49,4669999999989 693,934694668369
49,4679999999989 694,57877183995
49,4689999999989 695,218939020161
49,4699999999989 695,855191794279
49,4709999999989 696,487525787703
49,4719999999989 697,115936665913
49,4729999999989 697,740420134545
49,4739999999989 698,360971939481
49,4749999999989 698,977587866882
49,4759999999989 699,590263743233
49,4769999999989 700,198995435384
49,4779999999989 700,803778850622
49,4789999999989 701,404609936811
49,4799999999989 702,001484682206
49,4809999999989 702,594399115749
49,4819999999989 703,183349307022
49,4829999999989 703,768331366271
49,4839999999989 704,34934144452
49,4849999999989 704,926375733568
49,4859999999989 705,499430466086
49,4869999999989 706,068501915627
49,4879999999989 706,633586396718
49,4889999999989 707,19468026484
49,4899999999989 707,751779916603
49,4909999999989 708,304881789653
49,4919999999989 708,853982362799
49,4929999999989 709,399078156099
49,4939999999988 709,940165730803
49,4949999999988 710,47724168951
49,4959999999988 711,010302676126
49,4969999999988 711,53934537599
49,4979999999988 712,064366515846
49,4989999999988 712,585362864001
49,4999999999988 713,102331230242
49,5009999999988 713,615268465966
49,5019999999988 714,124171464237
49,5029999999988 714,629037159779
49,5039999999988 715,12986252907
49,5049999999988 715,626644590355
49,5059999999988 716,11938040367
49,5069999999988 716,608067071022
49,5079999999988 717,092701736282
49,5089999999988 717,57328158527
49,5099999999988 718,049803845892
49,5109999999988 718,522265788043
49,5119999999988 718,990664723758
49,5129999999988 719,454998007224
49,5139999999988 719,915263034854
49,5149999999988 720,371457245251
49,5159999999988 720,823578119352
49,5169999999988 721,271623180405
49,5179999999988 721,71558999406
49,5189999999988 722,155476168365
49,5199999999988 722,591279353867
49,5209999999988 723,022997243586
49,5219999999988 723,45062757315
49,5229999999988 723,874168120751
49,5239999999988 724,293616707245
49,5249999999988 724,708971196141
49,5259999999988 725,120229493741
49,5269999999988 725,527389549071
49,5279999999988 725,930449354003
49,5289999999988 726,32940694327
49,5299999999988 726,724260394485
49,5309999999988 727,11500782822
49,5319999999988 727,501647408057
49,5329999999988 727,884177340586
49,5339999999988 728,262595875461
49,5349999999988 728,636901305493
49,5359999999988 729,007091966609
49,5369999999987 729,373166237937
49,5379999999987 729,735122541884
49,5389999999987 730,092959344088
49,5399999999987 730,446675153545
49,5409999999987 730,796268522596
49,5419999999987 731,141738047003
49,5429999999987 731,483082365933
49,5439999999987 731,820300162107
49,5449999999987 732,1533901617
49,5459999999987 732,4823511345
49,5469999999987 732,807181893873
49,5479999999987 733,127881296856
49,5489999999987 733,444448244139
49,5499999999987 733,756881680173
49,5509999999987 734,065180593136
49,5519999999987 734,369344015046
49,5529999999987 734,669371021735
49,5539999999987 734,965260732931
49,5549999999987 735,257012312284
49,5559999999987 735,544624967388
49,5569999999987 735,82809794987
49,5579999999987 736,107430555333
49,5589999999987 736,382622123534
49,5599999999987 736,653672038275
49,5609999999987 736,920579727528
49,5619999999987 737,183344663486
49,5629999999987 737,441966362518
49,5639999999987 737,696444385302
49,5649999999987 737,946778336778
49,5659999999987 738,192967866283
49,5669999999987 738,435012667462
49,5679999999987 738,672912478447
49,5689999999987 738,906667081737
49,5699999999987 739,1362763044
49,5709999999987 739,361740017979
49,5719999999987 739,583058138611
49,5729999999987 739,800230626996
49,5739999999987 740,01325748851
49,5749999999987 740,222138773187
49,5759999999987 740,426874575749
49,5769999999987 740,62746503568
49,5779999999987 740,823910337249
49,5789999999987 741,016210709541
49,5799999999986 741,204366426501
49,5809999999986 741,388377806939
49,5819999999986 741,568245214603
49,5829999999986 741,743969058209
49,5839999999986 741,915549791483
49,5849999999986 742,08298791315
49,5859999999986 742,246283967006
49,5869999999986 742,405438541982
49,5879999999986 742,560452272127
49,5889999999986 742,71132583667
49,5899999999986 742,858059960022
49,5909999999986 743,000655411884
49,5919999999986 743,13911300722
49,5929999999986 743,273433606283
49,5939999999986 743,403618114708
49,5949999999986 743,529667483502
49,5959999999986 743,651582709089
49,5969999999986 743,769364833358
49,5979999999986 743,883014943673
49,5989999999986 743,992534172936
49,5999999999986 744,097923699584
49,6009999999986 744,199184747699
49,6019999999986 744,296318586913
49,6029999999986 744,389326532592
49,6039999999986 744,47820994576
49,6049999999986 744,562970233188
49,6059999999986 744,643608847399
49,6069999999986 744,720127286726
49,6079999999986 744,792527095313
49,6089999999986 744,860809863288
49,6099999999986 744,924977226493
49,6109999999986 744,985030866839
49,6119999999986 745,040972512162
49,6129999999986 745,092803936354
49,6139999999986 745,140526959278
49,6149999999986 745,184143446913
49,6159999999986 745,223655311358
49,6169999999986 745,25906451082
49,6179999999986 745,29037304971
49,6189999999986 745,31758297865
49,6199999999986 745,340696394503
49,6209999999986 745,359715440401
49,6219999999986 745,374642305826
49,6229999999985 745,385479226575
49,6239999999985 745,392228484851
49,6249999999985 745,394892409254
49,6259999999985 745,39347337487
49,6269999999985 745,387973803241
49,6279999999985 745,378396162454
49,6289999999985 745,364742967145
49,6299999999985 745,347016778532
49,6309999999985 745,325220204469
49,6319999999985 745,299355899476
49,6329999999985 745,269426564744
49,6339999999985 745,235434948256
49,6349999999985 745,197383844664
49,6359999999985 745,155276095506
49,6369999999985 745,10911458912
49,6379999999985 745,058902260708
49,6389999999985 745,004642092387
49,6399999999985 744,946337113215
49,6409999999985 744,883990399223
49,6419999999985 744,817605073467
49,6429999999985 744,74718430603
49,6439999999985 744,672731314086
49,6449999999985 744,594249361924
49,6459999999985 744,511741760986
49,6469999999985 744,42521186992
49,6479999999985 744,334663094568
49,6489999999985 744,240098888064
49,6499999999985 744,141522750814
49,6509999999985 744,03893823059
49,6519999999985 743,932348922495
49,6529999999985 743,821758469072
49,6539999999985 743,707170560275
49,6549999999985 743,588588933588
49,6559999999985 743,466017373945
49,6569999999985 743,339459713903
49,6579999999985 743,208919833556
49,6589999999985 743,07440166065
49,6599999999985 742,935909170612
49,6609999999985 742,793446386525
49,6619999999985 742,647017379279
49,6629999999985 742,496626267485
49,6639999999985 742,342277217601
49,6649999999985 742,18397444394
49,6659999999984 742,021722208706
49,6669999999984 741,855524822016
49,6679999999984 741,685386642006
49,6689999999984 741,511312074775
49,6699999999984 741,3333055745
49,6709999999984 741,151371643427
49,6719999999984 740,965514831967
49,6729999999984 740,775739738653
49,6739999999984 740,582051010278
49,6749999999984 740,384453341831
49,6759999999984 740,182951476617
49,6769999999984 739,977550206295
49,6779999999984 739,768254370854
49,6789999999984 739,555068858719
49,6799999999984 739,337998606769
49,6809999999984 739,117048600372
49,6819999999984 738,892223873427
49,6829999999984 738,66352950843
49,6839999999984 738,430970636502
49,6849999999984 738,194552437396
49,6859999999984 737,954280139605
49,6869999999984 737,710159020377
49,6879999999984 737,462194405714
49,6889999999984 737,210391670514
49,6899999999984 736,954756238511
49,6909999999984 736,695293582379
49,6919999999984 736,432009223795
49,6929999999984 736,164908733395
49,6939999999984 735,893997730927
49,6949999999984 735,619281885218
49,6959999999984 735,340766914262
49,6969999999984 735,058458585251
49,6979999999984 734,772362714626
49,6989999999984 734,482485168109
49,6999999999984 734,188831860767
49,7009999999984 733,891408757084
49,7019999999984 733,590221870938
49,7029999999984 733,285277265707
49,7039999999984 732,97658105432
49,7049999999984 732,664139399255
49,7059999999984 732,347958512671
49,7069999999984 732,028044656363
49,7079999999984 731,70440414187
49,7089999999983 731,377043330519
49,7099999999983 731,045968633475
49,7109999999983 730,711186511792
49,7119999999983 730,37270347643
49,7129999999983 730,030526088387
49,7139999999983 729,684660958667
49,7149999999983 729,335114748359
49,7159999999983 728,981894168757
49,7169999999983 728,62500598129
49,7179999999983 728,264456997681
49,7189999999983 727,900254079983
49,7199999999983 727,532404140567
49,7209999999983 727,160914142259
49,7219999999983 726,785791098359
49,7229999999983 726,407042072698
49,7239999999983 726,02467417971
49,7249999999983 725,638694584455
49,7259999999983 725,249110502752
49,7269999999983 724,855929201132
49,7279999999983 724,459157996985
49,7289999999983 724,058804258588
49,7299999999983 723,654875405141
49,7309999999983 723,24737890689
49,7319999999983 722,836322285112
49,7329999999983 722,421713112242
49,7339999999983 722,003559011883
49,7349999999983 721,581867658926
49,7359999999983 721,156646779557
49,7369999999983 720,72790415136
49,7379999999983 720,295647603362
49,7389999999983 719,859885016095
49,7399999999983 719,42062432169
49,7409999999983 718,97787350391
49,7419999999983 718,531640598248
49,7429999999983 718,081933691938
49,7439999999983 717,628760924104
49,7449999999983 717,17213048577
49,7459999999983 716,712050619982
49,7469999999983 716,248529621767
49,7479999999983 715,781575838353
49,7489999999983 715,311197669127
49,7499999999983 714,837403565762
49,7509999999983 714,360202032288
49,7519999999982 713,879601625128
49,7529999999982 713,395610953212
49,7539999999982 712,908238678037
49,7549999999982 712,417493513723
49,7559999999982 711,923384227116
49,7569999999982 711,42591963792
49,7579999999982 710,925108618595
49,7589999999982 710,420960094642
49,7599999999982 709,913483044541
49,7609999999982 709,402686499939
49,7619999999982 708,888579545579
49,7629999999982 708,371171319578
49,7639999999982 707,850471013347
49,7649999999982 707,326487871746
49,7659999999982 706,799231193167
49,7669999999982 706,268710329572
49,7679999999982 705,734934686643
49,7689999999982 705,19791372384
49,7699999999982 704,657656954446
49,7709999999982 704,114173945728
49,7719999999982 703,567474318972
49,7729999999982 703,017567749608
49,7739999999982 702,464463967257
49,7749999999982 701,908172755873
49,7759999999982 701,348703953769
49,7769999999982 700,786067453804
49,7779999999982 700,220273203375
49,7789999999982 699,651331204553
49,7799999999982 699,079251514235
49,7809999999982 698,504044244118
49,7819999999982 697,925719560918
49,7829999999982 697,34428768638
49,7839999999982 696,759758897417
49,7849999999982 696,172143526234
49,7859999999982 695,581451960325
49,7869999999982 694,987694642738
49,7879999999982 694,390882072013
49,7889999999982 693,791024802389
49,7899999999982 693,188133443865
49,7909999999982 692,582218662338
49,7919999999982 691,973291179659
49,7929999999982 691,361361773769
49,7939999999982 690,746441278825
49,7949999999981 690,128540585291
49,7959999999981 689,507670640006
49,7969999999981 688,883842446424
49,7979999999981 688,257067064516
49,7989999999981 687,627355611098
49,7999999999981 686,994719259808
49,8009999999981 686,359169241266
49,8019999999981 685,720716843209
49,8029999999981 685,079373410562
49,8039999999981 684,435150345582
49,8049999999981 683,788059107997
49,8059999999981 683,138111215072
49,8069999999981 682,485318241773
49,8079999999981 681,829691820887
49,8089999999981 681,171243643121
49,8099999999981 680,509985457249
49,8109999999981 679,845929070223
49,8119999999981 679,179086347312
49,8129999999981 678,509469212195
49,8139999999981 677,837089647173
49,8149999999981 677,161959693186
49,8159999999981 676,484091450008
49,8169999999981 675,8034970764
49,8179999999981 675,120188790195
49,8189999999981 674,434178868428
49,8199999999981 673,74547964754
49,8209999999981 673,054103523416
49,8219999999981 672,360062951596
49,8229999999981 671,663370447431
49,8239999999981 670,964038586098
49,8249999999981 670,26208000287
49,8259999999981 669,557507393245
49,8269999999981 668,850333512992
49,8279999999981 668,140571178386
49,8289999999981 667,42823326635
49,8299999999981 666,713332714549
49,8309999999981 665,995882521556
49,8319999999981 665,27589574706
49,8329999999981 664,553385511918
49,8339999999981 663,828364998373
49,8349999999981 663,100847450184
49,8359999999981 662,370846172801
49,836999999998 661,638374533453
49,837999999998 660,90344596143
49,838999999998 660,166073948093
49,839999999998 659,42627204713
49,840999999998 658,684053874682
49,841999999998 657,939433109513
49,842999999998 657,192423493152
49,843999999998 656,443038830089
49,844999999998 655,691292987902
49,845999999998 654,937199897449
49,846999999998 654,180773553016
49,847999999998 653,422028012513
49,848999999998 652,660977397601
49,849999999998 651,89763589388
49,850999999998 651,132017751096
49,851999999998 650,36413728325
49,852999999998 649,594008868811
49,853999999998 648,821646950877
49,854999999998 648,047066037354
49,855999999998 647,27028070114
49,856999999998 646,491305580286
49,857999999998 645,710155378194
49,858999999998 644,926844863778
49,859999999998 644,141388871653
49,860999999998 643,353802302344
49,861999999998 642,564100122391
49,862999999998 641,772297364656
49,863999999998 640,978409128386
49,864999999998 640,182450579457
49,865999999998 639,384436950585
49,866999999998 638,584383541484
49,867999999998 637,782305719016
49,868999999998 636,978218917494
49,869999999998 636,172138638737
49,870999999998 635,364080452375
49,871999999998 634,554059995988
49,872999999998 633,742092975317
49,873999999998 632,92819516444
49,874999999998 632,11238240599
49,875999999998 631,294670611375
49,876999999998 630,475075760902
49,877999999998 629,653613904065
49,878999999998 628,830301159679
49,8799999999979 628,00515371612
49,8809999999979 627,178187831528
49,8819999999979 626,349419833968
49,8829999999979 625,518866121687
49,8839999999979 624,686543163291
49,8849999999979 623,852467497963
49,8859999999979 623,016655735653
49,8869999999979 622,179124557303
49,8879999999979 621,339890715056
49,8889999999979 620,498971032421
49,8899999999979 619,656382404589
49,8909999999979 618,812141798507
49,8919999999979 617,966266253182
49,8929999999979 617,118772879891
49,8939999999979 616,269678862339
49,8949999999979 615,419001456896
49,8959999999979 614,566757992848
49,8969999999979 613,712965872554
49,8979999999979 612,857642571698
49,8989999999979 612,000805639526
49,8999999999979 611,142472698949
49,9009999999979 610,282661446895
49,9019999999979 609,421389654478
49,9029999999979 608,558675167164
49,9039999999979 607,694535905046
49,9049999999979 606,828989863053
49,9059999999979 605,962055111165
49,9069999999979 605,093749794579
49,9079999999979 604,224092134008
49,9089999999979 603,353100425866
49,9099999999979 602,480793042443
49,9109999999979 601,607188432202
49,9119999999979 600,732305119923
49,9129999999979 599,856161706979
49,9139999999979 598,978776871474
49,9149999999979 598,100169368597
49,9159999999979 597,220358030674
49,9169999999979 596,339361767503
49,9179999999979 595,45719956653
49,9189999999979 594,573890493055
49,9199999999979 593,689453690444
49,9209999999979 592,803908380413
49,9219999999979 591,917273863105
49,9229999999978 591,02956951746
49,9239999999978 590,140814801302
49,9249999999978 589,251029251616
49,9259999999978 588,360232484758
49,9269999999978 587,468444196629
49,9279999999978 586,57568416291
49,9289999999978 585,681972239277
49,9299999999978 584,787328361598
49,9309999999978 583,891772546096
49,9319999999978 582,995324889633
49,9329999999978 582,098005569888
49,9339999999978 581,199834845482
49,9349999999978 580,300833056289
49,9359999999978 579,401020623573
49,9369999999978 578,500418050185
49,9379999999978 577,599045920746
49,9389999999978 576,696924901926
49,9399999999978 575,794075742514
49,9409999999978 574,890519273665
49,9419999999978 573,986276409112
49,9429999999978 573,081368145292
49,9439999999978 572,175815561554
49,9449999999978 571,269639820371
49,9459999999978 570,362862167454
49,9469999999978 569,455503931953
49,9479999999978 568,54758652666
49,9489999999978 567,639131448144
49,9499999999978 566,730160276871
49,9509999999978 565,820694677465
49,9519999999978 564,9107563988
49,9529999999978 564,000367274165
49,9539999999978 563,089549221408
49,9549999999978 562,178324243106
49,9559999999978 561,266714426716
49,9569999999978 560,354741944658
49,9579999999978 559,442429054501
49,9589999999978 558,529798099072
49,9599999999978 557,616871506633
49,9609999999978 556,703671790903
49,9619999999978 555,790221551254
49,9629999999978 554,876543472822
49,9639999999978 553,962660326586
49,9649999999978 553,048594969454
49,9659999999977 552,134370344422
49,9669999999977 551,220009480613
49,9679999999977 550,305535493355
49,9689999999977 549,39097158433
49,9699999999977 548,476341041592
49,9709999999977 547,561667239614
49,9719999999977 546,646973639413
49,9729999999977 545,732283788553
49,9739999999977 544,817621321243
49,9749999999977 543,903009958305
49,9759999999977 542,9884735073
49,9769999999977 542,074035862482
49,9779999999977 541,159721004826
49,9789999999977 540,245553002098
49,9799999999977 539,331556008778
49,9809999999977 538,417754266126
49,9819999999977 537,5041721021
49,9829999999977 536,590833931415
49,9839999999977 535,677764255428
49,9849999999977 534,764987662203
49,9859999999977 533,852528826328
49,9869999999977 532,940412508979
49,9879999999977 532,028663557791
49,9889999999977 531,1173069068
49,9899999999977 530,206367576326
49,9909999999977 529,295870672918
49,9919999999977 528,385841389301
49,9929999999977 527,47630500401
49,9939999999977 526,567286881575
49,9949999999977 525,658812472192
49,9959999999977 524,750907311593
49,9969999999977 523,843597020954
49,9979999999977 522,936907306609
49,9989999999977 522,030863959926
49,9999999999977 521,125492857135
50,0009999999977 520,22081995903
50,0019999999977 519,316871310782
50,0029999999977 518,413673041704
50,0039999999977 517,511251364997
50,0049999999977 516,609632577436
50,0059999999977 515,708843059144
50,0069999999977 514,808909273243
50,0079999999977 513,909857765555
50,0089999999976 513,011715164317
50,0099999999976 512,114508179745
50,0109999999976 511,218263603728
50,0119999999976 510,323008309455
50,0129999999976 509,428769251003
50,0139999999976 508,535573462915
50,0149999999976 507,643448059812
50,0159999999976 506,752420235885
50,0169999999976 505,862517264445
50,0179999999976 504,973766497528
50,0189999999976 504,086195365263
50,0199999999976 503,199831375401
50,0209999999976 502,31470211282
50,0219999999976 501,430835238925
50,0229999999976 500,548258491025
50,0239999999976 499,666999681837
50,0249999999976 498,787086698786
50,0259999999976 497,908547503361
50,0269999999976 497,031410130506
50,0279999999976 496,155702687899
50,0289999999976 495,281453355228
50,0299999999976 494,408690383503
50,0309999999976 493,537442094282
50,0319999999976 492,667736878892
50,0329999999976 491,79960319762
50,0339999999976 490,933069578933
50,0349999999976 490,0681646186
50,0359999999976 489,204916978793
50,0369999999976 488,343355387229
50,0379999999976 487,483508636276
50,0389999999976 486,625405581898
50,0399999999976 485,769075142807
50,0409999999976 484,914546299381
50,0419999999976 484,061848092649
50,0429999999976 483,211009623259
50,0439999999976 482,36206005037
50,0449999999976 481,515028590564
50,0459999999976 480,669944516714
50,0469999999976 479,826837156757
50,0479999999976 478,985735892561
50,0489999999976 478,146670158687
50,0499999999976 477,309669441103
50,0509999999976 476,474763275915
50,0519999999975 475,64198124811
50,0529999999975 474,811352990041
50,0539999999975 473,98290818027
50,0549999999975 473,15667654197
50,0559999999975 472,33268784162
50,0569999999975 471,510971887405
50,0579999999975 470,691558527833
50,0589999999975 469,874477650104
50,0599999999975 469,059759178568
50,0609999999975 468,247433073162
50,0619999999975 467,43752932766
50,0629999999975 466,630077968131
50,0639999999975 465,825109051119
50,0649999999975 465,022652661977
50,0659999999975 464,222738913039
50,0669999999975 463,425397941821
50,0679999999975 462,630659909219
50,0689999999975 461,838554997513
50,0699999999975 461,049113408572
50,0709999999975 460,262365361812
50,0719999999975 459,478341092205
50,0729999999975 458,697070848321
50,0739999999975 457,918584890165
50,0749999999975 457,14291348714
50,0759999999975 456,370086915881
50,0769999999975 455,600135458062
50,0779999999975 454,833089398195
50,0789999999975 454,068979021385
50,0799999999975 453,307834611
50,0809999999975 452,549686446364
50,0819999999975 451,794564800404
50,0829999999975 451,042499937218
50,0839999999975 450,29352210959
50,0849999999975 449,54766155659
50,0859999999975 448,804948501006
50,0869999999975 448,065413146738
50,0879999999975 447,329085676285
50,0889999999975 446,59599624804
50,0899999999975 445,866174993608
50,0909999999975 445,139652015164
50,0919999999975 444,41645738259
50,0929999999975 443,696621130746
50,0939999999975 442,980173256639
50,0949999999974 442,267143716536
50,0959999999974 441,557562423029
50,0969999999974 440,851459242127
50,0979999999974 440,148863990263
50,0989999999974 439,449806431267
50,0999999999974 438,754316273263
50,1009999999974 438,062423165656
50,1019999999974 437,374156695909
50,1029999999974 436,689546386446
50,1039999999974 436,008621691367
50,1049999999974 435,331411993272
50,1059999999974 434,657946599925
50,1069999999974 433,988254741002
50,1079999999974 433,32236556466
50,1089999999974 432,660308134205
50,1099999999974 432,002111424658
50,1109999999974 431,347804319311
50,1119999999974 430,697415606212
50,1129999999974 430,05097397468
50,1139999999974 429,408508011726
50,1149999999974 428,770046198446
50,1159999999974 428,1356169065
50,1169999999974 427,505248394368
50,1179999999974 426,878968803688
50,1189999999974 426,256806155647
50,1199999999974 425,638788347106
50,1209999999974 425,024943146947
50,1219999999974 424,41529819226
50,1229999999974 423,809880984484
50,1239999999974 423,208718885649
50,1249999999974 422,611839114464
50,1259999999974 422,019268742412
50,1269999999974 421,431034689908
50,1279999999974 420,847163722316
50,1289999999974 420,267682446023
50,1299999999974 419,692617304452
50,1309999999974 419,121994574098
50,1319999999974 418,555840360551
50,1329999999974 417,99418059434
50,1339999999974 417,437041027054
50,1349999999974 416,88444722729
50,1359999999974 416,336424576379
50,1369999999974 415,792998264601
50,1379999999973 415,254193286872
50,1389999999973 414,720034438798
50,1399999999973 414,190546312484
50,1409999999973 413,66575329246
50,1419999999973 413,145679551528
50,1429999999973 412,630349046743
50,1439999999973 412,119785515183
50,1449999999973 411,614012469846
50,1459999999973 411,113053195628
50,1469999999973 410,616930745066
50,1479999999973 410,12566793428
50,1489999999973 409,639287338918
50,1499999999973 409,157811289977
50,1509999999973 408,681261869694
50,1519999999973 408,209660907549
50,1529999999973 407,743029976082
50,1539999999973 407,281390386904
50,1549999999973 406,824763186627
50,1559999999973 406,373169152821
50,1569999999973 405,926628789987
50,1579999999973 405,485162325573
50,1589999999973 405,048789706031
50,1599999999973 404,617530592806
50,1609999999973 404,191404358431
50,1619999999973 403,770430082631
50,1629999999973 403,354626548432
50,1639999999973 402,944012238333
50,1649999999973 402,538605330463
50,1659999999973 402,13842369484
50,1669999999973 401,743484889569
50,1679999999973 401,353806157176
50,1689999999973 400,969404420908
50,1699999999973 400,590296281114
50,1709999999973 400,216498011638
50,1719999999973 399,848025556289
50,1729999999973 399,484894525314
50,1739999999973 399,127120191964
50,1749999999973 398,774717489061
50,1759999999973 398,427701005652
50,1769999999973 398,086084983715
50,1779999999973 397,749883314871
50,1789999999973 397,41910953724
50,1799999999973 397,093776832223
50,1809999999972 396,773898021499
50,1819999999972 396,459485563944
50,1829999999972 396,150551552712
50,1839999999972 395,847107712304
50,1849999999972 395,549165395756
50,1859999999972 395,25673558186
50,1869999999972 394,969828872492
50,1879999999972 394,688455489944
50,1889999999972 394,412625274418
50,1899999999972 394,142347681473
50,1909999999972 393,877631779688
50,1919999999972 393,618486248286
50,1929999999972 393,364919374854
50,1939999999972 393,116939053228
50,1949999999972 392,87455278134
50,1959999999972 392,637767659201
50,1969999999972 392,406590386972
50,1979999999972 392,181027263128
50,1989999999972 391,961084182638
50,1999999999972 391,746766635324
50,2009999999972 391,538079704205
50,2019999999972 391,33502806409
50,2029999999972 391,137615980005
50,2039999999972 390,945847305948
50,2049999999972 390,759725483654
50,2059999999972 390,579253541389
50,2069999999972 390,4044340929
50,2079999999972 390,235269336477
50,2089999999972 390,071761054001
50,2099999999972 389,913910610243
50,2109999999972 389,761718952104
50,2119999999972 389,615186608051
50,2129999999972 389,474313687616
50,2139999999972 389,339099880956
50,2149999999972 389,209544458604
50,2159999999972 389,085646271182
50,2169999999972 388,967403749325
50,2179999999972 388,854814903654
50,2189999999972 388,747877324876
50,2199999999972 388,646588183865
50,2209999999972 388,550944232044
50,2219999999972 388,46094180168
50,2229999999972 388,376576806355
50,2239999999971 388,297844741569
50,2249999999971 388,224740685313
50,2259999999971 388,157259298921
50,2269999999971 388,095394827805
50,2279999999971 388,039141102518
50,2289999999971 387,988491539684
50,2299999999971 387,943439143212
50,2309999999971 387,903976505454
50,2319999999971 387,870095808595
50,2329999999971 387,841788825992
50,2339999999971 387,819046923769
50,2349999999971 387,801861062332
50,2359999999971 387,790221798082
50,2369999999971 387,784119285223
50,2379999999971 387,783543277601
50,2389999999971 387,788483130648
50,2399999999971 387,798927803474
50,2409999999971 387,814865860928
50,2419999999971 387,836285475874
50,2429999999971 387,863174431446
50,2439999999971 387,895520123442
50,2449999999971 387,933309562818
50,2459999999971 387,976529378201
50,2469999999971 388,025165818411
50,2479999999971 388,07920475544
50,2489999999971 388,138631686922
50,2499999999971 388,203431739158
50,2509999999971 388,273589669985
50,2519999999971 388,349089871808
50,2529999999971 388,429916374611
50,2539999999971 388,516052849188
50,2549999999971 388,607482610234
50,2559999999971 388,704188619726
50,2569999999971 388,806153490162
50,2579999999971 388,913359488028
50,2589999999971 389,025788537266
50,2599999999971 389,143422222722
50,2609999999971 389,266241793817
50,2619999999971 389,394228168073
50,2629999999971 389,527361934918
50,2639999999971 389,665623359345
50,2649999999971 389,808992385759
50,265999999997 389,957448641775
50,266999999997 390,110971442102
50,267999999997 390,26953979257
50,268999999997 390,433132393978
50,269999999997 390,601727646218
50,270999999997 390,775303652282
50,271999999997 390,953838222387
50,272999999997 391,137308878126
50,273999999997 391,325692856559
50,274999999997 391,51896711453
50,275999999997 391,717108332839
50,276999999997 391,920092920511
50,277999999997 392,127897019098
50,278999999997 392,340496506981
50,279999999997 392,557867003761
50,280999999997 392,77998387456
50,281999999997 393,006822234459
50,282999999997 393,238356952857
50,283999999997 393,474562657902
50,284999999997 393,715413740989
50,285999999997 393,960884361114
50,286999999997 394,210948449368
50,287999999997 394,465579713473
50,288999999997 394,724751642148
50,289999999997 394,988437509671
50,290999999997 395,256610380351
50,291999999997 395,52924311303
50,292999999997 395,80630836554
50,293999999997 396,087778599242
50,294999999997 396,373626083503
50,295999999997 396,663822900184
50,296999999997 396,958340948123
50,297999999997 397,257151947624
50,298999999997 397,560227444927
50,299999999997 397,867538816665
50,300999999997 398,179057274325
50,301999999997 398,494753868684
50,302999999997 398,814599494224
50,303999999997 399,138564893594
50,304999999997 399,466620661933
50,305999999997 399,798737251325
50,306999999997 400,134884975096
50,307999999997 400,47503401223
50,3089999999969 400,819154411589
50,3099999999969 401,167216096331
50,3109999999969 401,519188868103
50,3119999999969 401,875042411305
50,3129999999969 402,234746297364
50,3139999999969 402,598269988867
50,3149999999969 402,965582843813
50,3159999999969 403,336654119686
50,3169999999969 403,711452977613
50,3179999999969 404,089948486442
50,3189999999969 404,472109626811
50,3199999999969 404,857905295122
50,3209999999969 405,2473043076
50,3219999999969 405,640275404203
50,3229999999969 406,036787252565
50,3239999999969 406,436808451888
50,3249999999969 406,840307536771
50,3259999999969 407,247252981068
50,3269999999969 407,657613201612
50,3279999999969 408,07135656201
50,3289999999969 408,488451376333
50,3299999999969 408,908865912777
50,3309999999969 409,332568397219
50,3319999999969 409,759527016987
50,3329999999969 410,189709924178
50,3339999999969 410,62308523937
50,3349999999969 411,059621054954
50,3359999999969 411,499285438569
50,3369999999969 411,94204643656
50,3379999999969 412,387872077254
50,3389999999969 412,83673037427
50,3399999999969 413,288589329797
50,3409999999969 413,743416937741
50,3419999999969 414,201181187005
50,3429999999969 414,661850064518
50,3439999999969 415,125391558343
50,3449999999969 415,59177366073
50,3459999999969 416,060964371105
50,3469999999969 416,532931699042
50,3479999999969 417,00764366711
50,3489999999969 417,485068313801
50,3499999999969 417,965173696332
50,3509999999969 418,447927893379
50,3519999999968 418,933299007866
50,3529999999968 419,421255169615
50,3539999999968 419,911764538041
50,3549999999968 420,404795304645
50,3559999999968 420,900315695693
50,3569999999968 421,398293974647
50,3579999999968 421,898698444655
50,3589999999968 422,401497451003
50,3599999999968 422,906659383437
50,3609999999968 423,414152678567
50,3619999999968 423,923945822085
50,3629999999968 424,436007351148
50,3639999999968 424,950305856393
50,3649999999968 425,466809984308
50,3659999999968 425,985488439203
50,3669999999968 426,50630998537
50,3679999999968 427,029243449117
50,3689999999968 427,554257720732
50,3699999999968 428,081321756481
50,3709999999968 428,61040458052
50,3719999999968 429,141475286726
50,3729999999968 429,674503040607
50,3739999999968 430,209457081045
50,3749999999968 430,746306722067
50,3759999999968 431,285021354564
50,3769999999968 431,825570447987
50,3779999999968 432,367923551929
50,3789999999968 432,91205029781
50,3799999999968 433,457920400389
50,3809999999968 434,005503659293
50,3819999999968 434,554769960478
50,3829999999968 435,105689277807
50,3839999999968 435,658231674275
50,3849999999968 436,212367303543
50,3859999999968 436,76806641121
50,3869999999968 437,325299336164
50,3879999999968 437,884036511788
50,3889999999968 438,444248467284
50,3899999999968 439,005905828812
50,3909999999968 439,568979320704
50,3919999999968 440,133439766568
50,3929999999968 440,699258090448
50,3939999999968 441,266405317812
50,3949999999967 441,834852576697
50,3959999999967 442,404571098637
50,3969999999967 442,975532219674
50,3979999999967 443,547707381337
50,3989999999967 444,121068131459
50,3999999999967 444,695586125233
50,4009999999967 445,271233125898
50,4019999999967 445,847981005664
50,4029999999967 446,425801746517
50,4039999999967 447,004667440974
50,4049999999967 447,584550292785
50,4059999999967 448,165422617736
50,4069999999967 448,7472568443
50,4079999999967 449,330025514286
50,4089999999967 449,913701283494
50,4099999999967 450,498256922353
50,4109999999967 451,083665316492
50,4119999999967 451,669899467256
50,4129999999967 452,256932492347
50,4139999999967 452,844737626259
50,4149999999967 453,433288220819
50,4159999999967 454,022557745609
50,4169999999967 454,612519788472
50,4179999999967 455,203148055869
50,4189999999967 455,794416373386
50,4199999999967 456,386298685979
50,4209999999967 456,978769058464
50,4219999999967 457,57180167575
50,4229999999967 458,165370843266
50,4239999999967 458,759450987156
50,4249999999967 459,354016654639
50,4259999999967 459,949042514244
50,4269999999967 460,544503356026
50,4279999999967 461,140374091834
50,4289999999967 461,736629755504
50,4299999999967 462,333245503015
50,4309999999967 462,930196612736
50,4319999999967 463,527458485499
50,4329999999967 464,125006644769
50,4339999999967 464,722816736797
50,4349999999967 465,320864530688
50,4359999999967 465,919125918496
50,4369999999967 466,517576915306
50,4379999999966 467,116193659324
50,4389999999966 467,714952411837
50,4399999999966 468,313829557381
50,4409999999966 468,912801603613
50,4419999999966 469,511845181424
50,4429999999966 470,110937044879
50,4439999999966 470,710054071216
50,4449999999966 471,309173260778
50,4459999999966 471,908271737019
50,4469999999966 472,507326746414
50,4479999999966 473,106315658384
50,4489999999966 473,705215965217
50,4499999999966 474,304005282011
50,4509999999966 474,902661346495
50,4519999999966 475,501162019018
50,4529999999966 476,099485282307
50,4539999999966 476,697609241442
50,4549999999966 477,295512123612
50,4559999999966 477,893172278068
50,4569999999966 478,49056817584
50,4579999999966 479,087678409676
50,4589999999966 479,68448169378
50,4599999999966 480,280956863652
50,4609999999966 480,877082875913
50,4619999999966 481,472838808053
50,4629999999966 482,068203858239
50,4639999999966 482,663157345099
50,4649999999966 483,257678707491
50,4659999999966 483,851747504249
50,4669999999966 484,445343413966
50,4679999999966 485,038446234724
50,4689999999966 485,631035883815
50,4699999999966 486,223092397548
50,4709999999966 486,814595930905
50,4719999999966 487,40552675733
50,4729999999966 487,995865268357
50,4739999999966 488,58559197345
50,4749999999966 489,174687499563
50,4759999999966 489,763132590992
50,4769999999966 490,350908108963
50,4779999999966 490,937995031363
50,4789999999966 491,52437445242
50,4799999999966 492,110027582421
50,4809999999965 492,694935747326
50,4819999999965 493,279080388513
50,4829999999965 493,862443062363
50,4839999999965 494,445005440062
50,4849999999965 495,02674930709
50,4859999999965 495,607656563007
50,4869999999965 496,187709221088
50,4879999999965 496,766889407926
50,4889999999965 497,34517936314
50,4899999999965 497,922561439004
50,4909999999965 498,499018099983
50,4919999999965 499,074531922636
50,4929999999965 499,649085594965
50,4939999999965 500,22266191622
50,4949999999965 500,795243796469
50,4959999999965 501,366814256266
50,4969999999965 501,937356426245
50,4979999999965 502,506853546759
50,4989999999965 503,075288967527
50,4999999999965 503,642646147204
50,5009999999965 504,208908653059
50,5019999999965 504,774060160572
50,5029999999965 505,338084453017
50,5039999999965 505,90096542114
50,5049999999965 506,462687062736
50,5059999999965 507,02323348226
50,5069999999965 507,582588890467
50,5079999999965 508,140737603986
50,5089999999965 508,697664044977
50,5099999999965 509,253352740677
50,5109999999965 509,80778832311
50,5119999999965 510,36095552856
50,5129999999965 510,912839197274
50,5139999999965 511,463424273075
50,5149999999965 512,012695802909
50,5159999999965 512,560638936487
50,5169999999965 513,107238925885
50,5179999999965 513,65248112516
50,5189999999965 514,196350989904
50,5199999999965 514,738834076948
50,5209999999965 515,279916043871
50,5219999999965 515,819582648635
50,5229999999965 516,357819749228
50,5239999999964 516,894613303218
50,5249999999964 517,429949367377
50,5259999999964 517,963814097304
50,5269999999964 518,496193746992
50,5279999999964 519,027074668489
50,5289999999964 519,556443311447
50,5299999999964 520,084286222749
50,5309999999964 520,610590046145
50,5319999999964 521,135341521837
50,5329999999964 521,658527486072
50,5339999999964 522,180134870776
50,5349999999964 522,700150703144
50,5359999999964 523,218562105283
50,5369999999964 523,735356293788
50,5379999999964 524,250520579342
50,5389999999964 524,764042366425
50,5399999999964 525,275909152785
50,5409999999964 525,78610852915
50,5419999999964 526,294628178838
50,5429999999964 526,801455877324
50,5439999999964 527,306579491904
50,5449999999964 527,809986981287
50,5459999999964 528,311666395227
50,5469999999964 528,811605874154
50,5479999999964 529,309793648763
50,5489999999964 529,806218039655
50,5499999999964 530,300867456981
50,5509999999964 530,793730400028
50,5519999999964 531,284795456872
50,5529999999964 531,774051304004
50,5539999999964 532,261486705941
50,5549999999964 532,747090514877
50,5559999999964 533,230851670295
50,5569999999964 533,712759198633
50,5579999999964 534,192802212867
50,5589999999964 534,670969912191
50,5599999999964 535,147251581627
50,5609999999964 535,621636591674
50,5619999999964 536,09411439794
50,5629999999964 536,564674540806
50,5639999999964 537,033306645022
50,5649999999964 537,500000419405
50,5659999999964 537,96474565645
50,5669999999963 538,427532231966
50,5679999999963 538,888350104761
50,5689999999963 539,347189316276
50,5699999999963 539,804039990201
50,5709999999963 540,258892332193
50,5719999999963 540,711736629457
50,5729999999963 541,162563250483
50,5739999999963 541,611362644622
50,5749999999963 542,058125341789
50,5759999999963 542,502841952122
50,5769999999963 542,945503165621
50,5779999999963 543,386099751844
50,5789999999963 543,824622559537
50,5799999999963 544,261062516313
50,5809999999963 544,695410628348
50,5819999999963 545,127657979977
50,5829999999963 545,557795733447
50,5839999999963 545,985815128544
50,5849999999963 546,41170748227
50,5859999999963 546,835464188521
50,5869999999963 547,257076717791
50,5879999999963 547,676536616769
50,5889999999963 548,093835508137
50,5899999999963 548,508965090179
50,5909999999963 548,921917136409
50,5919999999963 549,332683495418
50,5929999999963 549,741256090389
50,5939999999963 550,147626918885
50,5949999999963 550,55178805252
50,5959999999963 550,953731636622
50,5969999999963 551,353449889948
50,5979999999963 551,750935104396
50,5989999999963 552,146179644641
50,5999999999963 552,539175947905
50,6009999999963 552,929916523596
50,6019999999963 553,318393953022
50,6029999999963 553,704600889132
50,6039999999963 554,088530056174
50,6049999999963 554,470174249415
50,6059999999963 554,849526334832
50,6069999999963 555,226579248867
50,6079999999963 555,601325998064
50,6089999999963 555,973759658831
50,6099999999962 556,343873377157
50,6109999999962 556,711660368282
50,6119999999962 557,077113916471
50,6129999999962 557,440227374641
50,6139999999962 557,800994164199
50,6149999999962 558,159407774645
50,6159999999962 558,515461763383
50,6169999999962 558,869149755386
50,6179999999962 559,220465442943
50,6189999999962 559,569402585365
50,6199999999962 559,915955008764
50,6209999999962 560,260116605712
50,6219999999962 560,601881335012
50,6229999999962 560,941243221435
50,6239999999962 561,278196355417
50,6249999999962 561,612734892799
50,6259999999962 561,944853054626
50,6269999999962 562,27454512679
50,6279999999962 562,601805459821
50,6289999999962 562,926628468631
50,6299999999962 563,24900863223
50,6309999999962 563,568940493467
50,6319999999962 563,886418658797
50,6329999999962 564,201437798032
50,6339999999962 564,513992644032
50,6349999999962 564,824077992509
50,6359999999962 565,131688701754
50,6369999999962 565,436819692393
50,6379999999962 565,739465947111
50,6389999999962 566,039622510449
50,6399999999962 566,337284488559
50,6409999999962 566,632447048876
50,6419999999962 566,925105419975
50,6429999999962 567,215254891275
50,6439999999962 567,502890812842
50,6449999999962 567,788008595063
50,6459999999962 568,070603708512
50,6469999999962 568,350671683633
50,6479999999962 568,628208110548
50,6489999999962 568,903208638818
50,6499999999962 569,175668977187
50,6509999999962 569,445584893322
50,6519999999962 569,712952213699
50,6529999999961 569,977766823275
50,6539999999961 570,240024665231
50,6549999999961 570,499721740816
50,6559999999961 570,75685410913
50,6569999999961 571,011417886816
50,6579999999961 571,263409247933
50,6589999999961 571,512824423625
50,6599999999961 571,759659702007
50,6609999999961 572,003911427887
50,6619999999961 572,245576002531
50,6629999999961 572,484649883478
50,6639999999961 572,721129584318
50,6649999999961 572,955011674453
50,6659999999961 573,186292778915
50,6669999999961 573,414969578114
50,6679999999961 573,641038807649
50,6689999999961 573,864497258074
50,6699999999961 574,085341774753
50,6709999999961 574,30356925753
50,6719999999961 574,519176660629
50,6729999999961 574,732160992379
50,6739999999961 574,942519315042
50,6749999999961 575,150248744613
50,6759999999961 575,355346450555
50,6769999999961 575,557809655657
50,6779999999961 575,757635635832
50,6789999999961 575,954821719845
50,6799999999961 576,149365289175
50,6809999999961 576,341263777826
50,6819999999961 576,530514672046
50,6829999999961 576,717115510218
50,6839999999961 576,901063882573
50,6849999999961 577,082357431117
50,6859999999961 577,260993849284
50,6869999999961 577,436970881879
50,6879999999961 577,610286324751
50,6889999999961 577,780938024754
50,6899999999961 577,948923879388
50,6909999999961 578,114241836717
50,6919999999961 578,276889895175
50,6929999999961 578,436866103301
50,6939999999961 578,594168559627
50,6949999999961 578,748795412452
50,695999999996 578,900744859666
50,696999999996 579,050015148539
50,697999999996 579,196604575561
50,698999999996 579,340511486262
50,699999999996 579,481734275002
50,700999999996 579,620271384796
50,701999999996 579,756121307129
50,702999999996 579,889282581796
50,703999999996 580,019753796682
50,704999999996 580,147533587607
50,705999999996 580,27262063814
50,706999999996 580,395013679404
50,707999999996 580,514711489949
50,708999999996 580,631712895486
50,709999999996 580,746016768793
50,710999999996 580,8576220295
50,711999999996 580,966527643896
50,712999999996 581,072732624797
50,713999999996 581,176236031361
50,714999999996 581,277036968856
50,715999999996 581,375134588559
50,716999999996 581,47052808757
50,717999999996 581,563216708591
50,718999999996 581,653199739828
50,719999999996 581,740476514742
50,720999999996 581,825046411959
50,721999999996 581,90690885502
50,722999999996 581,986063312284
50,723999999996 582,062509296691
50,724999999996 582,136246365674
50,725999999996 582,207274120899
50,726999999996 582,275592208178
50,727999999996 582,34120031727
50,728999999996 582,404098181696
50,729999999996 582,46428557863
50,730999999996 582,521762328657
50,731999999996 582,576528295663
50,732999999996 582,628583386692
50,733999999996 582,677927551704
50,734999999996 582,724560783497
50,735999999996 582,768483117487
50,736999999996 582,80969463157
50,7379999999959 582,848195445955
50,7389999999959 582,883985723021
50,7399999999959 582,917065667131
50,7409999999959 582,947435524481
50,7419999999959 582,975095582965
50,7429999999959 583,000046171978
50,7439999999959 583,022287662281
50,7449999999959 583,041820465862
50,7459999999959 583,058645035706
50,7469999999959 583,072761865742
50,7479999999959 583,084171490587
50,7489999999959 583,092874485497
50,7499999999959 583,098871466098
50,7509999999959 583,102163088308
50,7519999999959 583,102750048172
50,7529999999959 583,10063308166
50,7539999999959 583,09581296461
50,7549999999959 583,088290512454
50,7559999999959 583,078066580148
50,7569999999959 583,065142062027
50,7579999999959 583,049517891588
50,7589999999959 583,031195041396
50,7599999999959 583,010174522896
50,7609999999959 582,986457386302
50,7619999999959 582,960044720408
50,7629999999959 582,93093765246
50,7639999999959 582,899137347993
50,7649999999959 582,864645010698
50,7659999999959 582,827461882279
50,7669999999959 582,787589242241
50,7679999999959 582,745028407848
50,7689999999959 582,699780733888
50,7699999999959 582,651847612552
50,7709999999959 582,601230473337
50,7719999999959 582,547930782791
50,7729999999959 582,491950044451
50,7739999999959 582,433289798725
50,7749999999959 582,371951622597
50,7759999999959 582,30793712968
50,7769999999959 582,241247969922
50,7779999999959 582,171885829526
50,7789999999959 582,09985243076
50,7799999999959 582,025149531896
50,7809999999958 581,947778926989
50,7819999999958 581,86774244574
50,7829999999958 581,785041953405
50,7839999999958 581,699679350576
50,7849999999958 581,611656573142
50,7859999999958 581,520975592032
50,7869999999958 581,427638413135
50,7879999999958 581,331647077172
50,7889999999958 581,2330036595
50,7899999999958 581,131710270036
50,7909999999958 581,027769053041
50,7919999999958 580,921182187064
50,7929999999958 580,811951884721
50,7939999999958 580,700080392605
50,7949999999958 580,585569991162
50,7959999999958 580,468422994442
50,7969999999958 580,348641750122
50,7979999999958 580,226228639212
50,7989999999958 580,101186076055
50,7999999999958 579,973516508065
50,8009999999958 579,843222415665
50,8019999999958 579,71030631212
50,8029999999958 579,574770743395
50,8039999999958 579,436618288067
50,8049999999958 579,295851557077
50,8059999999958 579,152473193724
50,8069999999958 579,006485873438
50,8079999999958 578,857892303683
50,8089999999958 578,706695223774
50,8099999999958 578,552897404779
50,8109999999958 578,396501649409
50,8119999999958 578,237510791824
50,8129999999958 578,075927697533
50,8139999999958 577,911755263208
50,8149999999958 577,744996416634
50,8159999999958 577,575654116485
50,8169999999958 577,40373135224
50,8179999999958 577,229231144055
50,8189999999958 577,052156542563
50,8199999999958 576,872510628815
50,8209999999958 576,690296514122
50,8219999999958 576,505517339833
50,8229999999958 576,31817627741
50,8239999999957 576,128276528033
50,8249999999957 575,935821322659
50,8259999999957 575,740813921818
50,8269999999957 575,543257615457
50,8279999999957 575,343155722859
50,8289999999957 575,140511592448
50,8299999999957 574,935328601723
50,8309999999957 574,727610157067
50,8319999999957 574,517359693645
50,8329999999957 574,304580675263
50,8339999999957 574,089276594218
50,8349999999957 573,871450971182
50,8359999999957 573,651107355075
50,8369999999957 573,428249322945
50,8379999999957 573,202880479758
50,8389999999957 572,975004458375
50,8399999999957 572,744624919311
50,8409999999957 572,51174555071
50,8419999999957 572,276370068119
50,8429999999957 572,038502214411
50,8439999999957 571,798145759649
50,8449999999957 571,555304500898
50,8459999999957 571,309982262184
50,8469999999957 571,062182894301
50,8479999999957 570,811910274671
50,8489999999957 570,559168307253
50,8499999999957 570,303960922384
50,8509999999957 570,046292076669
50,8519999999957 569,786165752795
50,8529999999957 569,523585959492
50,8539999999957 569,258556731318
50,8549999999957 568,991082128575
50,8559999999957 568,72116623712
50,8569999999957 568,448813168323
50,8579999999957 568,174027058868
50,8589999999957 567,896812070638
50,8599999999957 567,617172390628
50,8609999999957 567,335112230692
50,8619999999957 567,050635827571
50,8629999999957 566,763747442629
50,8639999999957 566,474451361822
50,8649999999957 566,182751895499
50,8659999999957 565,888653378293
50,8669999999956 565,592160169017
50,8679999999956 565,293276650469
50,8689999999956 564,992007229387
50,8699999999956 564,688356336227
50,8709999999956 564,382328425119
50,8719999999956 564,07392797368
50,8729999999956 563,763159482891
50,8739999999956 563,450027476987
50,8749999999956 563,134536503313
50,8759999999956 562,816691132184
50,8769999999956 562,496495956788
50,8779999999956 562,173955593036
50,8789999999956 561,849074679395
50,8799999999956 561,521857876834
50,8809999999956 561,19230986862
50,8819999999956 560,86043536025
50,8829999999956 560,526239079284
50,8839999999956 560,189725775208
50,8849999999956 559,850900219347
50,8859999999956 559,509767204668
50,8869999999956 559,166331545731
50,8879999999956 558,820598078493
50,8889999999956 558,4725716602
50,8899999999956 558,122257169302
50,8909999999956 557,769659505213
50,8919999999956 557,414783588299
50,8929999999956 557,057634359696
50,8939999999956 556,698216781166
50,8949999999956 556,336535834973
50,8959999999956 555,972596523806
50,8969999999956 555,606403870586
50,8979999999956 555,237962918336
50,8989999999956 554,867278730104
50,8999999999956 554,494356388804
50,9009999999956 554,119200997045
50,9019999999956 553,741817677114
50,9029999999956 553,362211570691
50,9039999999956 552,980387838885
50,9049999999956 552,596351661963
50,9059999999956 552,210108239245
50,9069999999956 551,821662789122
50,9079999999956 551,431020548747
50,9089999999956 551,038186773951
50,9099999999955 550,643166739186
50,9109999999955 550,245965737293
50,9119999999955 549,846589079467
50,9129999999955 549,445042095033
50,9139999999955 549,041330131427
50,9149999999955 548,635458553965
50,9159999999955 548,227432745769
50,9169999999955 547,817258107598
50,9179999999955 547,404940057793
50,9189999999955 546,990484032071
50,9199999999955 546,573895483393
50,9209999999955 546,155179881914
50,9219999999955 545,734342714793
50,9229999999955 545,311389486036
50,9239999999955 544,886325716446
50,9249999999955 544,459156943432
50,9259999999955 544,029888720908
50,9269999999955 543,598526619162
50,9279999999955 543,165076224686
50,9289999999955 542,729543140085
50,9299999999955 542,291932983985
50,9309999999955 541,852251390835
50,9319999999955 541,410504010773
50,9329999999955 540,966696509592
50,9339999999955 540,520834568467
50,9349999999955 540,07292388395
50,9359999999955 539,622970167784
50,9369999999955 539,170979146779
50,9379999999955 538,716956562673
50,9389999999955 538,260908172053
50,9399999999955 537,802839746151
50,9409999999955 537,342757070758
50,9419999999955 536,88066594609
50,9429999999955 536,41657218667
50,9439999999955 535,950481621122
50,9449999999955 535,482400092207
50,9459999999955 535,012333456501
50,9469999999955 534,540287584369
50,9479999999955 534,06626835985
50,9489999999955 533,590281680462
50,9499999999955 533,112333457149
50,9509999999955 532,632429614055
50,9519999999955 532,150576088481
50,9529999999954 531,666778830717
50,9539999999954 531,18104380392
50,9549999999954 530,693376983946
50,9559999999954 530,203784359333
50,9569999999954 529,712271931008
50,9579999999954 529,218845712305
50,9589999999954 528,723511728693
50,9599999999954 528,226276017868
50,9609999999954 527,727144629317
50,9619999999954 527,226123624461
50,9629999999954 526,723219076365
50,9639999999954 526,218437069683
50,9649999999954 525,711783700496
50,9659999999954 525,203265076186
50,9669999999954 524,692887315322
50,9679999999954 524,18065654749
50,9689999999954 523,666578913225
50,9699999999954 523,150660563823
50,9709999999954 522,632907661256
50,9719999999954 522,113326377976
50,9729999999954 521,591922896871
50,9739999999954 521,068703411109
50,9749999999954 520,543674123933
50,9759999999954 520,016841248631
50,9769999999954 519,488211008369
50,9779999999954 518,957789636009
50,9789999999954 518,425583374115
50,9799999999954 517,891598474618
50,9809999999954 517,355841198909
50,9819999999954 516,818317817554
50,9829999999954 516,279034610212
50,9839999999954 515,7379978655
50,9849999999954 515,195213880887
50,9859999999954 514,650688962521
50,9869999999954 514,10442942516
50,9879999999954 513,556441591955
50,9889999999954 513,006731794433
50,9899999999954 512,455306372224
50,9909999999954 511,902171673072
50,9919999999954 511,347334052607
50,9929999999954 510,790799874273
50,9939999999954 510,232575509169
50,9949999999954 509,672667335927
50,9959999999953 509,111081740562
50,9969999999953 508,54782511639
50,9979999999953 507,982903863831
50,9989999999953 507,416324390348
50,9999999999953 0
