sekunda
48 2,9863672083975
48,001 2,98738490161896
48,002 2,98829821749522
48,003 2,98910457682852
48,004 2,98981421418463
48,005 2,99042243132665
48,006 2,99093692136024
48,007 2,99136506029677
48,008 2,9917042887385
48,009 2,99196656890876
48,01 2,99229511061906
48,011 2,99257478541268
48,012 2,9928015879563
48,013 2,99297542877761
48,014 2,99309520231869
48,015 2,99316019424606
48,016 2,99316990745579
48,017 2,9931241929481
48,018 2,99302132829007
48,019 2,99286360992867
48,02 2,99264538941524
48,021 2,99237321574433
48,022 2,99203840568456
48,023 2,99164522935143
48,024 2,99118875070604
48,025 2,99067120301351
48,026 2,99008759855901
48,027 2,98943797595288
48,028 2,98872241763999
48,029 2,98793142378833
48,03 2,98707574512159
48,031 2,98613742648689
48,032 2,98513296139905
48,033 2,98404084740213
48,034 2,98287994761957
48,035 2,98220244952088
48,036 2,98141853014687
48,037 2,9805163408583
48,038 2,97949207952905
48,039 2,97833642672319
48,04 2,97704011516627
48,041 2,97560433693041
48,042 2,97401379760913
48,043 2,97227173487056
48,044 2,97036764724361
48,045 2,96829981511201
48,046 2,96707402415454
48,047 2,96565930205889
48,048 2,9640233611095
48,049 2,96217031562551
48,05 2,96008782351569
48,051 2,95776520334951
48,052 2,95520859103999
48,053 2,95240135255716
48,054 2,95064366315185
48,055 2,94860485082452
48,056 2,94626323278226
48,057 2,94359949846244
48,058 2,94063750094836
48,059 2,93734629048757
48,06 2,93522264352713
48,061 2,93276235999877
48,062 2,92987974446875
48,063 2,92664480745637
48,064 2,92300966653759
48,065 2,92062076705173
48,066 2,91784038688346
48,067 2,91454760821284
48,068 2,91083505507534
48,069 2,90844989407055
48,07 2,90555789651025
48,071 2,90213791453658
48,072 2,89819001642371
48,073 2,89564927268042
48,074 2,89252751586281
48,075 2,88881814778848
48,076 2,88447278701487
48,077 2,88164358737516
48,078 2,87812980757098
48,079 2,87396081819702
48,08 2,86909680213257
48,081 2,86576249242992
48,082 2,86171884684828
48,083 2,8569023819796
48,084 2,85368980047859
48,085 2,84965365032964
48,086 2,84480973591428
48,087 2,84157559913152
48,088 2,83747346998115
48,089 2,8324986918553
48,09 2,82914785246513
48,091 2,82488325236064
48,092 2,81964861432202
48,093 2,81610012308242
48,094 2,81156026665428
48,095 2,80596116669037
48,096 2,80210778334142
48,097 2,79715185806096
48,098 2,79111520631029
48,099 2,78681102536152
48,1 2,78135013146027
48,101 2,77476011104236
48,102 2,76989020201279
48,103 2,76383961794477
48,104 2,75953565661099
48,105 2,75396050873752
48,106 2,74709349317975
48,107 2,74205704382728
48,108 2,73560220489838
48,109 2,73103056730392
48,11 2,72497057426975
48,111 2,7175799996001
48,112 2,71194175990037
48,113 2,70488495499496
48,114 2,69960078534463
48,115 2,69281936860088
48,116 2,68785042441669
48,117 2,68127522730187
48,118 2,67654511833134
48,119 2,67016232941528
48,12 2,66214722158729
48,121 2,65598240283371
48,122 2,64808158611267
48,123 2,64202306826007
48,124 2,63424761207737
48,125 2,62825181674812
48,126 2,62047431876228
48,127 2,61452755122248
48,128 2,60669001403827
48,129 2,60072219823359
48,13 2,59281037660955
48,131 2,58670620926082
48,132 2,57869352256546
48,133 2,57242403671003
48,134 2,56423986057555
48,135 2,557762006261
48,136 2,54932110122942
48,137 2,54259290317985
48,138 2,53385534331443
48,139 2,52685080194399
48,14 2,51773260280097
48,141 2,51042821492077
48,142 2,50087799289233
48,143 2,49320623088909
48,144 2,48714871282051
48,145 2,47893639143082
48,146 2,4723800685956
48,147 2,46361903611543
48,148 2,45650606045243
48,149 2,44712969876728
48,15 2,43943863129566
48,151 2,42938502043881
48,152 2,42111643339682
48,153 2,41441999915907
48,154 2,40540209682779
48,155 2,39798020866257
48,156 2,38816562185923
48,157 2,37996954248178
48,158 2,37347314816582
48,159 2,36437978376542
48,16 2,3570130998765
48,161 2,34699340923859
48,162 2,33870811357168
48,163 2,33195592768594
48,164 2,32263164382579
48,165 2,31489993193837
48,166 2,30449486229664
48,167 2,29574141346387
48,168 2,28855020570262
48,169 2,2786409044025
48,17 2,27035448604058
48,171 2,25925890963282
48,172 2,2498463058043
48,173 2,24191701477728
48,174 2,23125168121435
48,175 2,22214818150095
48,176 2,21454731878031
48,177 2,20414325415288
48,178 2,19523578389716
48,179 2,18788799937616
48,18 2,17759954721976
48,181 2,16888281553035
48,182 2,15725183739372
48,183 2,14715395894379
48,184 2,1385365845754
48,185 2,12703489049841
48,186 2,11699359865535
48,187 2,10846300741615
48,188 2,09694479046329
48,189 2,08697048540562
48,19 2,0783660672017
48,191 2,06686581999985
48,192 2,05682126634447
48,193 2,04812630033527
48,194 2,03658328332261
48,195 2,02640974262546
48,196 2,01759842227477
48,197 2,00594665541861
48,198 1,99564562344524
48,199 1,98670013776665
48,2 1,97902788488421
48,201 1,96846176508888
48,202 1,95924063441645
48,203 1,95126177026133
48,204 1,94045877871656
48,205 1,93087471677734
48,206 1,92263078376818
48,207 1,91151879781205
48,208 1,90167820808847
48,209 1,89312525933047
48,21 1,88569648804192
48,211 1,87551369567673
48,212 1,86650002342732
48,213 1,85873998694204
48,214 1,8481289181958
48,215 1,83880359682469
48,216 1,83059119709296
48,217 1,81972249681455
48,218 1,81003584152149
48,219 1,80152107363102
48,22 1,79413260934241
48,221 1,78404210693541
48,222 1,77516078972447
48,223 1,76736143651278
48,224 1,7569961752903
48,225 1,74781513583494
48,226 1,73968580492452
48,227 1,73260049100008
48,228 1,72307858917753
48,229 1,71461766625785
48,23 1,70721245776452
48,231 1,69744983094859
48,232 1,68879462335187
48,233 1,68113819255448
48,234 1,67446056583709
48,235 1,66557487862795
48,236 1,65769609714759
48,237 1,65080358345222
48,238 1,64475652425321
48,239 1,6366920168462
48,24 1,62952779149029
48,241 1,62329995595576
48,242 1,61512575433991
48,243 1,60793646946505
48,244 1,60160963818774
48,245 1,60139524243766
48,246 1,59916785401345
48,247 1,59765001017912
48,248 1,59690107228432
48,249 1,59394804321613
48,25 1,59179888072828
48,251 1,59043478342364
48,252 1,58986149468221
48,253 1,58699430223588
48,254 1,58492484744864
48,255 1,58373717257838
48,256 1,58345353821984
48,257 1,58063814401569
48,258 1,5787727873191
48,259 1,57778592154849
48,26 1,57422433861451
48,261 1,57159032283791
48,262 1,56995838105617
48,263 1,56935966800844
48,264 1,56591441066677
48,265 1,5635692308666
48,266 1,56225362217338
48,267 1,55804026628893
48,268 1,55491102035978
48,269 1,55289642867574
48,27 1,55205756846534
48,271 1,54813063957061
48,272 1,54540177605179
48,273 1,54384114429752
48,274 1,53915743499154
48,275 1,53566523741827
48,276 1,533466572152
48,277 1,53255509929735
48,278 1,52829726187309
48,279 1,52542202179298
48,28 1,52385921726017
48,281 1,51892351432502
48,282 1,51530475397979
48,283 1,51319173000399
48,284 1,50752673768322
48,285 1,5033171015905
48,286 1,50063332560772
48,287 1,49936306097299
48,288 1,49458205466547
48,289 1,49129774226324
48,29 1,48959420893606
48,291 1,48420762152352
48,292 1,48046905101767
48,293 1,47831311113921
48,294 1,47243682775131
48,295 1,46825427393126
48,296 1,46573825608109
48,297 1,45949790312395
48,298 1,45492767079711
48,299 1,45217480948537
48,3 1,44559098236997
48,301 1,44073882772941
48,302 1,4378810781308
48,303 1,43099661166164
48,304 1,42606680205952
48,305 1,42308028233289
48,306 1,41610245452463
48,307 1,4111434523543
48,308 1,40819204083903
48,309 1,40121796497743
48,31 1,39630345747909
48,311 1,39355972447002
48,312 1,38671243526518
48,313 1,38204089134055
48,314 1,37956328445582
48,315 1,37297120881891
48,316 1,3687025829256
48,317 1,36022223589865
48,318 1,35416927959428
48,319 1,35037223227061
48,32 1,34247796914933
48,321 1,33702176684625
48,322 1,33393837579326
48,323 1,32673992358089
48,324 1,32202192562125
48,325 1,31322785209609
48,326 1,30686182167084
48,327 1,30324891587652
48,328 1,29531309443455
48,329 1,29018822515215
48,33 1,28081331819597
48,331 1,27422216214039
48,332 1,27031087851964
48,333 1,2623106394104
48,334 1,25712842452674
48,335 1,24779800007963
48,336 1,24136623870388
48,337 1,23781369940552
48,338 1,23019388047748
48,339 1,22551220517534
48,34 1,21675512815733
48,341 1,21104782350181
48,342 1,20124042440522
48,343 1,19456214805721
48,344 1,18388150532372
48,345 1,17626383861955
48,346 1,17205093346183
48,347 1,16361623171075
48,348 1,15864597554612
48,349 1,14956731379609
48,35 1,14389315527792
48,351 1,13420363313575
48,352 1,12799910802525
48,353 1,11784795475924
48,354 1,11120169566885
48,355 1,10065268339887
48,356 1,0936844667953
48,357 1,08286056698802
48,358 1,07566236996149
48,359 1,06471614288684
48,36 1,05743729262436
48,361 1,04640180017605
48,362 1,03916318872368
48,363 1,02819000295815
48,364 1,02108197743527
48,365 1,01031968035069
48,366 1,00346153509328
48,367 0,992968675621325
48,368 0,986480537539152
48,369 0,976464047576865
48,37 0,97037367243916
48,371 0,960951746774271
48,372 0,955468917128878
48,373 0,946667153164867
48,374 0,934294607389013
48,375 0,92625798392312
48,376 0,914830064521526
48,377 0,907729591857925
48,378 0,897320147609324
48,379 0,891238428725511
48,38 0,881984810340226
48,381 0,86940823037161
48,382 0,861422530844805
48,383 0,850260147151559
48,384 0,84358049330107
48,385 0,833986556954203
48,386 0,82112253331464
48,387 0,813140570883095
48,388 0,802064646867414
48,389 0,795660862032682
48,39 0,786512741149717
48,391 0,774298220047816
48,392 0,76708261393089
48,393 0,756999926163258
48,394 0,744192323159663
48,395 0,736268933678416
48,396 0,725758285113838
48,397 0,720051275507065
48,398 0,711885769429397
48,399 0,701063533943422
48,4 0,695323604097368
48,401 0,686994959190052
48,402 0,67641279681736
48,403 0,670737045773718
48,404 0,662841409358187
48,405 0,652562174819432
48,406 0,6401727447541
48,407 0,632850940829304
48,408 0,623531898675108
48,409 0,612025693934907
48,41 0,6057390737974
48,411 0,597483200358809
48,412 0,587206493333013
48,413 0,575274958424165
48,414 0,568380324873055
48,415 0,559778980966292
48,416 0,54946618725561
48,417 0,537708235884986
48,418 0,530891826257289
48,419 0,522738535738592
48,42 0,512929951069932
48,421 0,502113037162186
48,422 0,495976453634133
48,423 0,488704687747982
48,424 0,480196357550064
48,425 0,470624759962553
48,426 0,465805232050992
48,427 0,45975830132556
48,428 0,452872835039295
48,429 0,44504277058749
48,43 0,436596934218991
48,431 0,432376605470631
48,432 0,427366027036389
48,433 0,421668624403248
48,434 0,415429520388128
48,435 0,408751732702831
48,436 0,401912399700799
48,437 0,398576277936664
48,438 0,39479737186059
48,439 0,390720768102524
48,44 0,38638686744284
48,441 0,382036133868717
48,442 0,377753252071294
48,443 0,373752328103739
48,444 0,371976151240992
48,445 0,370100311412352
48,446 0,36822512427503
48,447 0,366429291863249
48,448 0,364801467721883
48,449 0,363467037243219
48,45 0,362518531503033
48,451 0,362068991791281
48,452 0,362220013650434
48,453 0,363083909503774
48,454 0,364732351660728
48,455 0,365691579717141
48,456 0,36687878720861
48,457 0,368294431331432
48,458 0,370007018256485
48,459 0,371974422619519
48,46 0,374272235782453
48,461 0,376889230629237
48,462 0,379802634405353
48,463 0,383080852185771
48,464 0,386661242688291
48,465 0,390527716173831
48,466 0,394765103787443
48,467 0,399161834803425
48,468 0,403927473758938
48,469 0,408787545977379
48,47 0,413938761081421
48,471 0,419130848816845
48,472 0,424516921814041
48,473 0,429836012040142
48,474 0,435278874681144
48,475 0,440585107051089
48,476 0,445870730888247
48,477 0,450949235746006
48,478 0,455864234082944
48,479 0,460526431937848
48,48 0,470619921789164
48,481 0,480693505618095
48,482 0,490645875651097
48,483 0,500461390305614
48,484 0,509837670698419
48,485 0,519017423915588
48,486 0,527597437111477
48,487 0,535661641851618
48,488 0,543180121229047
48,489 0,549929912104119
48,49 0,556018188115015
48,491 0,568254464376575
48,492 0,579759236386174
48,493 0,590638030533312
48,494 0,600563294271151
48,495 0,609597982245964
48,496 0,617678743450813
48,497 0,624580635195673
48,498 0,630508586465116
48,499 0,642549234057347
48,5 0,653591893872655
48,501 0,663349595176489
48,502 0,671873330337399
48,503 0,679081688024366
48,504 0,69249163102026
48,505 0,704625157319582
48,506 0,71525676911654
48,507 0,724464149721749
48,508 0,732006849981274
48,509 0,738056273737155
48,51 0,750101378886898
48,511 0,760572722065352
48,512 0,769257918462266
48,513 0,776190374750156
48,514 0,789143089757321
48,515 0,800268515259151
48,516 0,809524879805489
48,517 0,816739309789798
48,518 0,830018211458681
48,519 0,841131039856865
48,52 0,850328648911242
48,521 0,857274088494542
48,522 0,870087087909851
48,523 0,880683939637215
48,524 0,889061219054838
48,525 0,895179925356926
48,526 0,90684634057734
48,527 0,916242649938696
48,528 0,923199199955065
48,529 0,93570425975688
48,53 0,945700227606479
48,531 0,953283423470248
48,532 0,966168685825577
48,533 0,976607094658069
48,534 0,984350489995736
48,535 0,997401930989388
48,536 1,00781014904396
48,537 1,01542723684536
48,538 1,02831508750055
48,539 1,03836900125105
48,54 1,04560682812551
48,541 1,05787561593147
48,542 1,06728481675393
48,543 1,07375225964446
48,544 1,08513133832742
48,545 1,09359441659404
48,546 1,10675338223693
48,547 1,11704225459949
48,548 1,12415815451685
48,549 1,13598263964066
48,55 1,14477551736741
48,551 1,15022818057883
48,552 1,16043576180423
48,553 1,16726509098247
48,554 1,17870880158459
48,555 1,1867932821589
48,556 1,19945355416709
48,557 1,20855618248871
48,558 1,21457000536181
48,559 1,22464192194325
48,56 1,23143504882752
48,561 1,24244705244195
48,562 1,24992935847276
48,563 1,26161494106154
48,564 1,2698171797535
48,565 1,28200247966192
48,566 1,29074702769745
48,567 1,29581492769015
48,568 1,30490218673635
48,569 1,31034235950329
48,57 1,3196236661443
48,571 1,32528587062172
48,572 1,33467246559546
48,573 1,34040879777349
48,574 1,34984806769665
48,575 1,35554193050983
48,576 1,36485263365136
48,577 1,3704458652849
48,578 1,37951283526677
48,579 1,38489108418223
48,58 1,39365682374327
48,581 1,39865181301531
48,582 1,40697491005744
48,583 1,41156831519535
48,584 1,4193661287235
48,585 1,42341665350847
48,586 1,43061576444422
48,587 1,44095112158752
48,588 1,44748320108834
48,589 1,45710079009135
48,59 1,46285693118752
48,591 1,47162451757026
48,592 1,47655370466361
48,593 1,48441039741522
48,594 1,48839435250867
48,595 1,49526441174785
48,596 1,50486272608164
48,597 1,51071784473372
48,598 1,51919726379244
48,599 1,52394426719823
48,6 1,53122714836101
48,601 1,53476773712118
48,602 1,54084426396699
48,603 1,54948789151159
48,604 1,55432758257272
48,605 1,5615872300903
48,606 1,56510933896323
48,607 1,57096216911357
48,608 1,57928845747816
48,609 1,58374933874177
48,61 1,59054800453341
48,611 1,5935290066283
48,612 1,59882188654776
48,613 1,60626775907205
48,614 1,61003641559596
48,615 1,61588095325603
48,616 1,6239319929929
48,617 1,62821109792162
48,618 1,63455103373918
48,619 1,63717779335603
48,62 1,64185626298892
48,621 1,64847734663705
48,622 1,65146424764953
48,623 1,65631922716269
48,624 1,66315880067471
48,625 1,66630214390983
48,626 1,67130382508026
48,627 1,6781586408499
48,628 1,6813787304018
48,629 1,68640006872242
48,63 1,69316890795925
48,631 1,69635541626907
48,632 1,7012800742139
48,633 1,70784828502852
48,634 1,71094616558472
48,635 1,71563837579445
48,636 1,72195251194435
48,637 1,72483283564456
48,638 1,72920724776604
48,639 1,73521746398018
48,64 1,73773845839575
48,641 1,74180709248961
48,642 1,74733065154638
48,643 1,74954096152931
48,644 1,75315072274837
48,645 1,75818566921281
48,646 1,75994242503632
48,647 1,76309620985747
48,648 1,76755228309522
48,649 1,76886850532199
48,65 1,77149563629204
48,651 1,77533810473984
48,652 1,7804328649991
48,653 1,78250226705823
48,654 1,78577938766772
48,655 1,79018808651307
48,656 1,79173106899357
48,657 1,79434216986094
48,658 1,79812199273607
48,659 1,79904072385819
48,66 1,80107243346722
48,661 1,80412664824266
48,662 1,80820133085212
48,663 1,80962676130912
48,664 1,81201868701895
48,665 1,81536790992937
48,666 1,81621306179706
48,667 1,81797903729406
48,668 1,82062222313414
48,669 1,82415102620109
48,67 1,82529557027503
48,671 1,8273255363393
48,672 1,83011762646459
48,673 1,8307383432455
48,674 1,83207901747891
48,675 1,834256301965
48,676 1,83710318478617
48,677 1,8379365344896
48,678 1,83946215074885
48,679 1,84167308200802
48,68 1,84199004848956
48,681 1,84297301117091
48,682 1,8445560910987
48,683 1,84677119972883
48,684 1,84723934279588
48,685 1,84832529774596
48,686 1,84991908673539
48,687 1,85205082198843
48,688 1,85266093628137
48,689 1,85377771310153
48,69 1,85925448443327
48,691 1,86345786602548
48,692 1,86825150765543
48,693 1,87372585406451
48,694 1,87990996920543
48,695 1,88470185886664
48,696 1,89011823356111
48,697 1,89630580964895
48,698 1,90091091334022
48,699 1,90621798933805
48,7 1,91220590161077
48,701 1,91901978336082
48,702 1,92414859015419
48,703 1,93000363749259
48,704 1,93667925413491
48,705 1,94415118389995
48,706 1,94990847466247
48,707 1,95642840429648
48,708 1,96378684800927
48,709 1,96933021635192
48,71 1,97561261438698
48,711 1,98275625936498
48,712 1,99079953347775
48,713 1,9969030397287
48,714 2,00387023255048
48,715 2,01173100722879
48,716 2,01756942299378
48,717 2,02425945826152
48,718 2,03187982445947
48,719 2,04041674423959
48,72 2,04692761302045
48,721 2,05433750754476
48,722 2,06270569247563
48,723 2,06895767285385
48,724 2,07609530942339
48,725 2,08425828638711
48,726 2,09019897443904
48,727 2,09710891824437
48,728 2,10493830201435
48,729 2,11386052427609
48,73 2,12055538109898
48,731 2,12823556884032
48,732 2,13700828954065
48,733 2,14347278121034
48,734 2,15102690659595
48,735 2,15955462216734
48,736 2,16591599810762
48,737 2,17319819988114
48,738 2,18165782869455
48,739 2,18775553014183
48,74 2,19495448572137
48,741 2,20320866832633
48,742 2,20920284267142
48,743 2,21624282621779
48,744 2,22441117394655
48,745 2,23027296899122
48,746 2,23726660279348
48,747 2,24531913966575
48,748 2,25116898108023
48,749 2,2580812564577
48,75 2,26615212654198
48,751 2,27195651337504
48,752 2,27895180228259
48,753 2,286984547889
48,754 2,29293992422217
48,755 2,29991363269928
48,756 2,30815758491807
48,757 2,31417477182762
48,758 2,32135439890735
48,759 2,32975413701141
48,76 2,33597177741836
48,761 2,3434455256541
48,762 2,35208316827481
48,763 2,35863143121842
48,764 2,36642009158829
48,765 2,37207194212151
48,766 2,37896175617672
48,767 2,38706466343401
48,768 2,39310563076119
48,769 2,40038580968194
48,77 2,40560903132378
48,771 2,41209465433032
48,772 2,41975047400157
48,773 2,42551027303538
48,774 2,4324538618515
48,775 2,4407019075375
48,776 2,4470525400139
48,777 2,45459772315642
48,778 2,46033507389479
48,779 2,4672569608331
48,78 2,47233585408252
48,781 2,47866057213484
48,782 2,48627940371613
48,783 2,49210775546384
48,784 2,49919756203638
48,785 2,50452231855253
48,786 2,51109728121973
48,787 2,51595460219536
48,788 2,52204868758254
48,789 2,52951239555805
48,79 2,53525462073949
48,791 2,54232505498571
48,792 2,5477361718904
48,793 2,55443213286682
48,794 2,55954857596196
48,795 2,56591731375088
48,796 2,57075614094721
48,797 2,57684697116989
48,798 2,58142585407306
48,799 2,58727807048089
48,8 2,59164021691024
48,801 2,59728465808331
48,802 2,60148422642432
48,803 2,60694965058358
48,804 2,61101828904147
48,805 2,61634630828844
48,806 2,62031544602487
48,807 2,62555803049279
48,808 2,62948257264316
48,809 2,63467025471607
48,81 2,63857809296431
48,811 2,64375513338343
48,812 2,64769631343737
48,813 2,6529015646297
48,814 2,65690635398232
48,815 2,66217255069368
48,816 2,66629493902715
48,817 2,67168528870418
48,818 2,6759544952717
48,819 2,68151024765082
48,82 2,68597060578636
48,821 2,68938092725195
48,822 2,6940075955368
48,823 2,69762337196505
48,824 2,70248112535381
48,825 2,70632408701831
48,826 2,71147212379478
48,827 2,71562774493945
48,828 2,71886691096778
48,829 2,72332155917342
48,83 2,72686193071826
48,831 2,73165975459626
48,832 2,73557246218533
48,833 2,73865243436117
48,834 2,74291957247893
48,835 2,74637771206786
48,836 2,74906188659006
48,837 2,75287069082333
48,838 2,75596107867232
48,839 2,76016792542143
48,84 2,76370980749766
48,841 2,7665246534526
48,842 2,77048574176731
48,843 2,77378175090199
48,844 2,77641118436372
48,845 2,78017452499788
48,846 2,78328499104619
48,847 2,7858355571161
48,848 2,78943393648116
48,849 2,79248669335008
48,85 2,79498332218287
48,851 2,79851108660296
48,852 2,80155092733322
48,853 2,80406538793541
48,854 2,80609311165864
48,855 2,80908750915915
48,856 2,8116377292987
48,857 2,81373652045825
48,858 2,81678070912793
48,859 2,81942178472844
48,86 2,82167142748039
48,861 2,82349782155211
48,862 2,82624579370117
48,863 2,82860883487521
48,864 2,83063622191208
48,865 2,83232290382932
48,866 2,83483095835996
48,867 2,83703934282446
48,868 2,83894070438293
48,869 2,84056291278185
48,87 2,84187358766372
48,871 2,84392269860941
48,872 2,84572735059637
48,873 2,84729697957641
48,874 2,84860799072215
48,875 2,84970430325681
48,876 2,85140315436581
48,877 2,85291964063508
48,878 2,85423250984455
48,879 2,85538451641438
48,88 2,8563372347861
48,881 2,85712337895218
48,882 2,85836292196868
48,883 2,85948486394473
48,884 2,86045684725441
48,885 2,86129870360871
48,886 2,86201472210117
48,887 2,86260711377196
48,888 2,86306788909752
48,889 2,86381149538396
48,89 2,86450669485982
48,891 2,86511327438897
48,892 2,86563576950195
48,893 2,86607822105793
48,894 2,86644352480596
48,895 2,8667103685336
48,896 2,86690650753986
48,897 2,86702751003815
48,898 2,86708036207329
48,899 2,8670521889205
48,9 2,86695693039302
48,901 2,86683112760745
48,902 2,86665825547841
48,903 2,86644788538142
48,904 2,86620204307
48,905 2,86591562222866
48,906 2,8655710776776
48,907 2,86518560052998
48,908 2,86475198761477
48,909 2,86426166135539
48,91 2,8637197816751
48,911 2,86313125628214
48,912 2,86249260977466
48,913 2,86178202310875
48,914 2,86102463014574
48,915 2,86020087042908
48,916 2,85931886671407
48,917 2,85835663425785
48,918 2,85735505332113
48,919 2,85627202494526
48,92 2,85511791285542
48,921 2,85389667889392
48,922 2,85260246919783
48,923 2,85122847097205
48,924 2,84978638076934
48,925 2,84889723926362
48,926 2,84790280337839
48,927 2,84677559579491
48,928 2,84551550287589
48,929 2,84413902494724
48,93 2,84259332406592
48,931 2,84091661229745
48,932 2,83908313155354
48,933 2,83710012941655
48,934 2,83494126266337
48,935 2,8326556311919
48,936 2,83121175855512
48,937 2,82956470989601
48,938 2,82772711616378
48,939 2,82564280721375
48,94 2,82333747717312
48,941 2,82080967957253
48,942 2,81804299197464
48,943 2,81631188163842
48,944 2,81430823689875
48,945 2,81201114880324
48,946 2,80939419906054
48,947 2,80647737109429
48,948 2,80326559046333
48,949 2,80120409621226
48,95 2,79878955738481
48,951 2,79601754436684
48,952 2,79282474614157
48,953 2,78929317766942
48,954 2,78698474439963
48,955 2,78427797664532
48,956 2,78109262259453
48,957 2,77748156411207
48,958 2,77338599450856
48,959 2,77067531915056
48,96 2,7674239163821
48,961 2,7636794145477
48,962 2,75938848658001
48,963 2,75652559626361
48,964 2,75307956565903
48,965 2,74901532131907
48,966 2,74440088849245
48,967 2,74121792225651
48,968 2,73741432209161
48,969 2,73292736631484
48,97 2,72997498521684
48,971 2,72627674594582
48,972 2,72185924808223
48,973 2,71674784997559
48,974 2,71313138110309
48,975 2,70879771925426
48,976 2,70362321832634
48,977 2,70005237656255
48,978 2,69560576383636
48,979 2,69034750103827
48,98 2,68666351069771
48,981 2,68207661692331
48,982 2,67659153123544
48,983 2,67269928177022
48,984 2,66785635242065
48,985 2,66204188292124
48,986 2,65785269168753
48,987 2,6526696843971
48,988 2,64643369014715
48,989 2,64186165240868
48,99 2,63620658241737
48,991 2,63218075023209
48,992 2,62704022466871
48,993 2,62077058431631
48,994 2,61611124795663
48,995 2,6103391756004
48,996 2,60613112516328
48,997 2,60078079471526
48,998 2,59411638294392
48,999 2,58912789528712
49 2,58290424375528
49,001 2,57824522722398
49,002 2,57239208210544
49,003 2,5650437744683
49,004 2,55949145341284
49,005 2,55248393914058
49,006 2,54717427334147
49,007 2,5404235231106
49,008 2,53530569495066
49,009 2,5287431799062
49,01 2,52379786580688
49,011 2,5173443819548
49,012 2,51250831131036
49,013 2,50614924942235
49,014 2,49812789181418
49,015 2,49187826863264
49,016 2,48390434655155
49,017 2,47768524522528
49,018 2,46974465246482
49,019 2,46351683447151
49,02 2,45553243801611
49,021 2,44923767136241
49,022 2,44114783357802
49,023 2,43477191051963
49,024 2,4265564133259
49,025 2,42000008571867
49,026 2,41166909604582
49,027 2,40488774800416
49,028 2,39970787190402
49,029 2,3926100232176
49,03 2,38711242893401
49,031 2,37968001579182
49,032 2,373816861052
49,033 2,36599993702179
49,034 2,35975337060819
49,035 2,35150766547306
49,036 2,34485682886542
49,037 2,3361496267445
49,038 2,32903954357279
49,039 2,32339340592349
49,04 2,31568583778709
49,041 2,30950075645835
49,042 2,30118926207645
49,043 2,29442159547119
49,044 2,28551590241204
49,045 2,27811007197227
49,046 2,27217806188993
49,047 2,26402185477503
49,048 2,25740004783931
49,049 2,24853611512505
49,05 2,24117772771859
49,051 2,23517339995328
49,052 2,22700112877828
49,053 2,22018638233509
49,054 2,21114926544514
49,055 2,20354409405803
49,056 2,19731265812859
49,057 2,18877294580805
49,058 2,18166976109543
49,059 2,17224446280891
49,06 2,16421667921846
49,061 2,15751624255668
49,062 2,14853144335597
49,063 2,14090137739799
49,064 2,13451730616228
49,065 2,12586781480485
49,066 2,11844572466281
49,067 2,10884681060802
49,068 2,10044113767757
49,069 2,09338948148755
49,07 2,08397780568257
49,071 2,07587638618914
49,072 2,06900035635735
49,073 2,0598223315702
49,074 2,05186317154535
49,075 2,04514106293741
49,076 2,03605202811962
49,077 2,02830331511143
49,078 2,02154992360972
49,079 2,01266297139142
49,08 2,00483720550417
49,081 1,99823448030041
49,082 1,98930248848749
49,083 1,98160659258768
49,084 1,974923750431
49,085 1,9660680306206
49,086 1,95837093871908
49,087 1,95163659488461
49,088 1,94285171909606
49,089 1,93509865649568
49,09 1,92840701062788
49,091 1,92266825491464
49,092 1,9148088123151
49,093 1,90798416185478
49,094 1,90204836559027
49,095 1,89410760181797
49,096 1,88713983044415
49,097 1,88106674147471
49,098 1,87307483976665
49,099 1,86598553785929
49,1 1,85988048183234
49,101 1,85185651659879
49,102 1,84480789296531
49,103 1,83864126182338
49,104 1,83325872375707
49,105 1,82613885334541
49,106 1,81984008942542
49,107 1,81437979984329
49,108 1,80722546654899
49,109 1,80095170423514
49,11 1,79543566959474
49,111 1,79066677062611
49,112 1,78432882634931
49,113 1,77874595446563
49,114 1,77392608564608
49,115 1,76761721158418
49,116 1,76213833406909
49,117 1,75733536598649
49,118 1,7531452341719
49,119 1,74770469934682
49,12 1,74291547844977
49,121 1,73877620541395
49,122 1,73351266937508
49,123 1,72893044579399
49,124 1,72496312110931
49,125 1,72149992281077
49,126 1,71709707838562
49,127 1,71328627477819
49,128 1,71000664235396
49,129 1,70716835690107
49,13 1,70354897833968
49,131 1,70045252075968
49,132 1,69778537667386
49,133 1,69453128340198
49,134 1,69178946025156
49,135 1,69123844840738
49,136 1,69092054285033
49,137 1,68978863177686
49,138 1,68891910702632
49,139 1,68837631919964
49,14 1,68683732164358
49,141 1,68564266028518
49,142 1,68478652092042
49,143 1,68428106782021
49,144 1,68264608757943
49,145 1,68137821055277
49,146 1,68057645095909
49,147 1,68018345730551
49,148 1,6784791979599
49,149 1,67722581094323
49,15 1,67647597020201
49,151 1,67425336347359
49,152 1,67254377097765
49,153 1,67139720145333
49,154 1,67083496269059
49,155 1,66858379163088
49,156 1,66696145937884
49,157 1,66598269965676
49,158 1,66318540216084
49,159 1,66106776483792
49,16 1,65960512566203
49,161 1,65891016290269
49,162 1,65622362095597
49,163 1,65427822851308
49,164 1,65310690472549
49,165 1,64985597852145
49,166 1,64739580160697
49,167 1,6458008636424
49,168 1,64197136092054
49,169 1,63902537146029
49,17 1,6369600591636
49,171 1,63577316477289
49,172 1,63230457460779
49,173 1,62975452897598
49,174 1,62818340721435
49,175 1,62417961189379
49,176 1,62119456047774
49,177 1,61920543730363
49,178 1,61474088580342
49,179 1,61131208066063
49,18 1,60900192986198
49,181 1,60775909157994
49,182 1,6039166276496
49,183 1,60125189656889
49,184 1,59968729870718
49,185 1,59551642506643
49,186 1,59246697751751
49,187 1,59073871375733
49,188 1,58617176548529
49,189 1,58295184551857
49,19 1,58097237423224
49,191 1,57619431438391
49,192 1,57272023854423
49,193 1,57066722124251
49,194 1,56572173517632
49,195 1,56212580036912
49,196 1,56006443041177
49,197 1,55496936247058
49,198 1,55137757414362
49,199 1,54940908206534
49,2 1,5442730041823
49,201 1,54079563484098
49,202 1,5341765847091
49,203 1,52924875525663
49,204 1,52598103650627
49,205 1,51958304284789
49,206 1,51489118857866
49,207 1,51201212281677
49,208 1,50586804286802
49,209 1,50161071228166
49,21 1,49914766865066
49,211 1,49344285336218
49,212 1,48970730994849
49,213 1,48260627524407
49,214 1,47760953656451
49,215 1,47445956003447
49,216 1,46818459437508
49,217 1,46382526311076
49,218 1,45628983511554
49,219 1,45078273423107
49,22 1,44747562594841
49,221 1,44075911553724
49,222 1,43638459535267
49,223 1,4285915392593
49,224 1,4231269856004
49,225 1,41987767158973
49,226 1,41334470817818
49,227 1,40910922401489
49,228 1,40164562090145
49,229 1,39653038784074
49,23 1,38816963563039
49,231 1,38226992357573
49,232 1,37875600708907
49,233 1,37210276254841
49,234 1,36786834876931
49,235 1,36046384337278
49,236 1,35559768498856
49,237 1,34754034902004
49,238 1,3421144506069
49,239 1,33350347714032
49,24 1,32754687250525
49,241 1,31853804612598
49,242 1,3121746120901
49,243 1,30280453289481
49,244 1,29613671419517
49,245 1,29240821768841
49,246 1,28548304539981
49,247 1,28153323614311
49,248 1,2744269317275
49,249 1,27030265934369
49,25 1,26316113756268
49,251 1,25893129095424
49,252 1,25180497841704
49,253 1,24766657979243
49,254 1,24058013982745
49,255 1,23041843424767
49,256 1,22356422453483
49,257 1,21371143922369
49,258 1,20716175621502
49,259 1,19775758005808
49,26 1,19160495480899
49,261 1,18271061630023
49,262 1,17707079445444
49,263 1,16870217326155
49,264 1,16373927356358
49,265 1,15595843384331
49,266 1,14554111021511
49,267 1,13853826883044
49,268 1,12897302747555
49,269 1,12295074995841
49,27 1,11428214742636
49,271 1,10927189327054
49,272 1,10164519874689
49,273 1,09146753177678
49,274 1,0850920681273
49,275 1,0760805603914
49,276 1,07102311760683
49,277 1,06331170405847
49,278 1,05333241724005
49,279 1,04721819317275
49,28 1,03864993905395
49,281 1,03409018217779
49,282 1,02712977012572
49,283 1,01792244413643
49,284 1,01273485533832
49,285 1,00528071322115
49,286 0,995673780597055
49,287 0,990176213861862
49,288 0,982429341297737
49,289 0,972823076828613
49,29 0,967108218693071
49,291 0,959577838953067
49,292 0,94996767800088
49,293 0,944623476905373
49,294 0,937312191426853
49,295 0,928177475138736
49,296 0,92321991580267
49,297 0,916497392860912
49,298 0,907958139024564
49,299 0,897854643567028
49,3 0,891930542771143
49,301 0,884443638409079
49,302 0,875314645746285
49,303 0,870525167237027
49,304 0,864135945205092
49,305 0,856303742694898
49,306 0,84706877780693
49,307 0,842109745162279
49,308 0,835734232853723
49,309 0,828121391489897
49,31 0,819159701090637
49,311 0,814591841216574
49,312 0,808695064067217
49,313 0,80168200555677
49,314 0,793526672710293
49,315 0,784417227790649
49,316 0,779538242895524
49,317 0,773626170184305
49,318 0,766710486806935
49,319 0,759018839300799
49,32 0,75047224186863
49,321 0,746094064243124
49,322 0,740800459497437
49,323 0,734810255574791
49,324 0,728086206842437
49,325 0,720846122019902
49,326 0,713070303923059
49,327 0,709133680182472
49,328 0,70458567420477
49,329 0,699503050861041
49,33 0,693989002974091
49,331 0,688102179564727
49,332 0,681884421240233
49,333 0,675566120685169
49,334 0,672479437337517
49,335 0,669059455092944
49,336 0,665303454105968
49,337 0,661333448624726
49,338 0,657139126413874
49,339 0,652880450814252
49,34 0,648478646649362
49,341 0,64417687168906
49,342 0,639926810468617
49,343 0,635824530166137
49,344 0,631994564292954
49,345 0,630287774388145
49,346 0,628549304563801
49,347 0,626736317989003
49,348 0,624979978650462
49,349 0,623182615549049
49,35 0,62149064496706
49,351 0,619838096120999
49,352 0,618304116314093
49,353 0,61687351071582
49,354 0,615582985737565
49,355 0,614438940378958
49,356 0,613463447414495
49,357 0,612641415197079
49,358 0,612008769587695
49,359 0,611537170777476
49,36 0,611241483925034
49,361 0,61110772148763
49,362 0,611130668547055
49,363 0,61129490440888
49,364 0,611590924172137
49,365 0,611989026928341
49,366 0,61248985007695
49,367 0,613049077874127
49,368 0,613669355868486
49,369 0,614307581764026
49,37 0,615817443183383
49,371 0,61768989707579
49,372 0,619836460108224
49,373 0,622236015750637
49,374 0,624759861207604
49,375 0,627384681731711
49,376 0,630034585112603
49,377 0,632623747535688
49,378 0,635136823734264
49,379 0,637479962360104
49,38 0,639612896035801
49,381 0,644022790980409
49,382 0,648485710341759
49,383 0,652782079844271
49,384 0,656964745333624
49,385 0,660811683369169
49,386 0,664305900868409
49,387 0,667411292440557
49,388 0,673445125343989
49,389 0,679212822180113
49,39 0,684601652717985
49,391 0,689465926086269
49,392 0,69381210206416
49,393 0,697431821648665
49,394 0,704505461598463
49,395 0,710910534529886
49,396 0,716762228061465
49,397 0,721746521609908
49,398 0,725922713545143
49,399 0,733737739677813
49,4 0,740715617570878
49,401 0,746834136850864
49,402 0,751927317994901
49,403 0,755961234803341
49,404 0,763732043016439
49,405 0,770467022785654
49,406 0,776028480369143
49,407 0,780420348166668
49,408 0,788579388931704
49,409 0,795577280475192
49,41 0,801235024175838
49,411 0,805497115999011
49,412 0,813652062987624
49,413 0,820361236369333
49,414 0,825642125626533
49,415 0,834818004086047
49,416 0,842440562897088
49,417 0,848605586524217
49,418 0,852955203133005
49,419 0,861296001832297
49,42 0,867927716980703
49,421 0,87274444187434
49,422 0,881485058201346
49,423 0,88837598116561
49,424 0,893449552505165
49,425 0,902394225346623
49,426 0,909318627911873
49,427 0,914420666137789
49,428 0,923156433525374
49,429 0,930024961929707
49,43 0,934717968784788
49,431 0,943185489680465
49,432 0,949549602912245
49,433 0,959655796167723
49,434 0,96757705598969
49,435 0,973311495732291
49,436 0,982656843316807
49,437 0,989804985664
49,438 0,994500287672287
49,439 1,00289293113315
49,44 1,00882580883589
49,441 1,01839259594796
49,442 1,02548289403567
49,443 1,03009937064607
49,444 1,03821583073957
49,445 1,0437793278606
49,446 1,05280962979538
49,447 1,05924713734652
49,448 1,06913036969309
49,449 1,07639707997225
49,45 1,08087695266327
49,451 1,08882893815712
49,452 1,09384394359844
49,453 1,10237552757279
49,454 1,10793359467724
49,455 1,11689296828423
49,456 1,12290744385915
49,457 1,13215545901697
49,458 1,13853810656723
49,459 1,14806793340275
49,46 1,15472883488755
49,461 1,16445111623849
49,462 1,17125007285125
49,463 1,18109342822015
49,464 1,18795877873033
49,465 1,19782505029134
49,466 1,20463364783333
49,467 1,21449381785589
49,468 1,22103818673719
49,469 1,23081023591059
49,47 1,23711748625437
49,471 1,24654938648975
49,472 1,25263579049131
49,473 1,26158596381443
49,474 1,26729918590414
49,475 1,27576539429638
49,476 1,2809557704071
49,477 1,28890255192066
49,478 1,29343710684897
49,479 1,30071278438353
49,48 1,30460219552716
49,481 1,31110838534252
49,482 1,32023315031868
49,483 1,32592739312155
49,484 1,33425618422256
49,485 1,33904633269557
49,486 1,34650379350308
49,487 1,35031994206767
49,488 1,35679291660929
49,489 1,3654544781833
49,49 1,3708453043542
49,491 1,37849323411224
49,492 1,38273612280642
49,493 1,38928734614187
49,494 1,39233408234695
49,495 1,39770759173106
49,496 1,40510856664226
49,497 1,40926885675044
49,498 1,41541493273289
49,499 1,41820391966536
49,5 1,42306733477141
49,501 1,42994040734541
49,502 1,43346418213703
49,503 1,43893834536133
49,504 1,44641388109367
49,505 1,45049425205161
49,506 1,45646124430326
49,507 1,45912681907513
49,508 1,46362515773071
49,509 1,46990717505571
49,51 1,47292893115575
49,511 1,47767789174432
49,512 1,48421201596991
49,513 1,48743922884931
49,514 1,49234055117706
49,515 1,49895443179851
49,516 1,50230486477363
49,517 1,50731584144834
49,518 1,51391164370824
49,519 1,51725308461538
49,52 1,52224124872839
49,521 1,52868753660593
49,522 1,53207370008956
49,523 1,53685135753279
49,524 1,53852924886856
49,525 1,54165943273489
49,526 1,54613101300885
49,527 1,54768446316366
49,528 1,55048077545227
49,529 1,55473681162657
49,53 1,56021026886666
49,531 1,56277239383658
49,532 1,56660370071962
49,533 1,57166546503248
49,534 1,57390042283094
49,535 1,57733464988849
49,536 1,58195544925604
49,537 1,58377805174701
49,538 1,58671087454517
49,539 1,59084377481556
49,54 1,5921678811143
49,541 1,59464659244164
49,542 1,59815252845042
49,543 1,60270960809409
49,544 1,60467481609633
49,545 1,6076948660618
49,546 1,61166674277357
49,547 1,61318909146737
49,548 1,61556734807835
49,549 1,61898359849481
49,55 1,6198998123275
49,551 1,62181117842806
49,552 1,62451071324173
49,553 1,62811335863142
49,554 1,62944534011592
49,555 1,63156649662608
49,556 1,63455054253606
49,557 1,63532338167308
49,558 1,63693241837915
49,559 1,63922370189075
49,56 1,64228513991383
49,561 1,64332242295393
49,562 1,6450892053578
49,563 1,64750117732851
49,564 1,64807093731889
49,565 1,64930166584639
49,566 1,65111481186304
49,567 1,65353918662227
49,568 1,65428928478027
49,569 1,65560748829615
49,57 1,65741609584749
49,571 1,65773834558728
49,572 1,65854962466498
49,573 1,65985682625697
49,574 1,66159632068136
49,575 1,66205140266578
49,576 1,66291767515268
49,577 1,66419939387333
49,578 1,66583831255893
49,579 1,6663922371144
49,58 1,67021546297654
49,581 1,67467304951017
49,582 1,67814453811432
49,583 1,68216901002593
49,584 1,68685931591003
49,585 1,69224592188608
49,586 1,69650125313188
49,587 1,70140249386157
49,588 1,70698449923926
49,589 1,71124723015356
49,59 1,71613716948282
49,591 1,72179907406488
49,592 1,72823896214716
49,593 1,73321403310307
49,594 1,73886325661561
49,595 1,74536100563065
49,596 1,75273564705503
49,597 1,75848375420516
49,598 1,76502377595355
49,599 1,7724733391372
49,6 1,77808856975241
49,601 1,78453327481236
49,602 1,79192851517213
49,603 1,80024386051827
49,604 1,80665738138606
49,605 1,81394204810757
49,606 1,82231697684807
49,607 1,82851035103156
49,608 1,83571649573678
49,609 1,84386003787819
49,61 1,84986629068247
49,611 1,85677168319798
49,612 1,86473074350492
49,613 1,87373568979814
49,614 1,8805690565947
49,615 1,88833388107392
49,616 1,89725008849978
49,617 1,90383533470297
49,618 1,91140926906842
49,619 1,92016502586559
49,62 1,93005835783803
49,621 1,93762378181303
49,622 1,9462699886009
49,623 1,95616191130705
49,624 1,96356325919233
49,625 1,97215895412174
49,626 1,9819345265419
49,627 1,98929438283348
49,628 1,99772745524497
49,629 2,00750796236057
49,63 2,01470059502284
49,631 2,02312138852961
49,632 2,03283958702934
49,633 2,0399044621725
49,634 2,04833313604888
49,635 2,05795551005283
49,636 2,06512239736143
49,637 2,07343120738097
49,638 2,08323077763933
49,639 2,0903200420977
49,64 2,09880450443101
49,641 2,10858449796664
49,642 2,11582219248603
49,643 2,12443424301511
49,644 2,13439642503359
49,645 2,14184861675968
49,646 2,150618809805
49,647 2,16088232700996
49,648 2,16852079128827
49,649 2,17766997275586
49,65 2,18823321108306
49,651 2,19634803452255
49,652 2,20584874116037
49,653 2,2128145481768
49,654 2,22126543766262
49,655 2,23120348711735
49,656 2,23861848091988
49,657 2,2475583739949
49,658 2,25806788846011
49,659 2,2660400251083
49,66 2,27563839571368
49,661 2,28268835161144
49,662 2,29132349040612
49,663 2,30156326216671
49,664 2,30937058408785
49,665 2,31874464698846
49,666 2,32574883489109
49,667 2,33429604816268
49,668 2,34455526600401
49,669 2,35241577236405
49,67 2,36195563769601
49,671 2,36908136072793
49,672 2,37796053136483
49,673 2,38439393208241
49,674 2,39260343069276
49,675 2,40243966818394
49,676 2,4100968985048
49,677 2,41938002535011
49,678 2,4265251348056
49,679 2,43529436138154
49,68 2,4419282577505
49,681 2,45025863206152
49,682 2,45637919113025
49,683 2,46427372660814
49,684 2,47000812668698
49,685 2,47748932855238
49,686 2,48676357051203
49,687 2,49400076718083
49,688 2,50298717388396
49,689 2,51000522172431
49,69 2,51875487882365
49,691 2,52560262598484
49,692 2,53421343315068
49,693 2,54091703852227
49,694 2,54941660194507
49,695 2,55601950191838
49,696 2,56450575772198
49,697 2,57106678897815
49,698 2,57956807634667
49,699 2,58613334568043
49,7 2,594681985543
49,701 2,60138182377183
49,702 2,6100404594804
49,703 2,61692276038317
49,704 2,62205350430594
49,705 2,62909794862189
49,706 2,63443516932161
49,707 2,64162973168497
49,708 2,64724512925298
49,709 2,65469533414436
49,71 2,66064737500384
49,711 2,66845902177233
49,712 2,67472466334172
49,713 2,67954482471879
49,714 2,68615167398739
49,715 2,69137899983546
49,716 2,6984410342227
49,717 2,70413778499585
49,718 2,71168835683718
49,719 2,71790653433335
49,72 2,7228215593775
49,721 2,72955024429211
49,722 2,73503939116713
49,723 2,73926439590282
49,724 2,74527653242296
49,725 2,75016534873268
49,726 2,75685445471632
49,727 2,76237872798907
49,728 2,76680370271451
49,729 2,77304155386812
49,73 2,77817688911114
49,731 2,78226327353045
49,732 2,78814751018107
49,733 2,79299311918633
49,734 2,79687685167235
49,735 2,80252845019572
49,736 2,80719397868821
49,737 2,81098562624604
49,738 2,81651110792351
49,739 2,82111626108614
49,74 2,82494053654982
49,741 2,83041748533441
49,742 2,83511797673778
49,743 2,83896666803249
49,744 2,84207644903384
49,745 2,84684588192154
49,746 2,85085127360054
49,747 2,85419957046912
49,748 2,85914811724072
49,749 2,86345175858805
49,75 2,86704130210918
49,751 2,87004194451508
49,752 2,87463241912667
49,753 2,87856688902544
49,754 2,88202853455307
49,755 2,88484192989855
49,756 2,88920869141528
49,757 2,89308347632373
49,758 2,89643968331572
49,759 2,89926867692995
49,76 2,9016234751333
49,761 2,90541814738436
49,762 2,90880053471414
49,763 2,91171711401057
49,764 2,91419738587668
49,765 2,91635779168428
49,766 2,91977650110164
49,767 2,9228653287145
49,768 2,92563877734319
49,769 2,92805763524343
49,77 2,93014593363828
49,771 2,93341795692288
49,772 2,93649024272115
49,773 2,93925183353928
49,774 2,941752222876
49,775 2,94402201488243
49,776 2,94602477480762
49,777 2,94777808794703
49,778 2,94927237657115
49,779 2,95185498502019
49,78 2,95409332010407
49,781 2,95615044606111
49,782 2,95800142970012
49,783 2,95972905370956
49,784 2,96127718257525
49,785 2,96263565592473
49,786 2,96390531133871
49,787 2,96499178319635
49,788 2,96594143358084
49,789 2,96673235657478
49,79 2,96826525364724
49,791 2,96968446872293
49,792 2,9710171887454
49,793 2,97229222858499
49,794 2,97348755178834
49,795 2,97457167463924
49,796 2,97556919584937
49,797 2,97653955983086
49,798 2,97741395814342
49,799 2,97821318538771
49,8 2,97898006533418
49,801 2,97967857591992
49,802 2,98028431505315
49,803 2,98082703304482
49,804 2,98134746019486
49,805 2,9818033052189
49,806 2,982186034143
49,807 2,98256304103779
49,808 2,982875424593
49,809 2,98312077418426
49,81 2,98330503977178
49,811 2,98349206306484
49,812 2,98362283001622
49,813 2,98369679139606
49,814 2,98378590898218
49,815 2,98370085206604
49,816 2,98353073651775
49,817 2,98333221624087
49,818 2,98304328426669
49,819 2,98265415347326
49,82 2,98216793995402
49,821 2,98164430255942
49,822 2,98102128756323
49,823 2,98029281908509
49,824 2,97953554187
49,825 2,97867879324748
49,826 2,97802088816322
49,827 2,97729658055523
49,828 2,9764214451932
49,829 2,97540206298096
49,83 2,97429524133473
49,831 2,97303582731735
49,832 2,97163007764289
49,833 2,97068953249576
49,834 2,96955622182744
49,835 2,96822477902625
49,836 2,96674891036025
49,837 2,9650719263015
49,838 2,96318437519499
49,839 2,9619237309619
49,84 2,96041423946389
49,841 2,9586416576174
49,842 2,95667302439555
49,843 2,95444416546348
49,844 2,95288324881675
49,845 2,95109494098772
49,846 2,94896469182019
49,847 2,94654165147607
49,848 2,94492400026799
49,849 2,94296169985729
49,85 2,94060414597322
49,851 2,93794468366475
49,852 2,93488436591666
49,853 2,93278616214703
49,854 2,93024042481973
49,855 2,92726410052945
49,856 2,92528638607655
49,857 2,92279877921605
49,858 2,91983510229726
49,859 2,91642224939211
49,86 2,91401932419535
49,861 2,91113080741079
49,862 2,90768040786291
49,863 2,90527546476842
49,864 2,90235375737108
49,865 2,8987597291508
49,866 2,8946785799834
49,867 2,89164511537795
49,868 2,88800038117095
49,869 2,88370948367723
49,87 2,88058055292148
49,871 2,87679775467101
49,872 2,87228706865263
49,873 2,86900832124646
49,874 2,86497606016037
49,875 2,86210340993251
49,876 2,85847772554794
49,877 2,85402138591374
49,878 2,85083222370644
49,879 2,84679512519276
49,88 2,84189007982191
49,881 2,83825596332763
49,882 2,83374612069591
49,883 2,83051088799428
49,884 2,82625885059424
49,885 2,82107427504391
49,886 2,81719203062146
49,887 2,81230774033432
49,888 2,80876556686552
49,889 2,80414592540036
49,89 2,79841706085585
49,891 2,79410475327609
49,892 2,78860631790464
49,893 2,78455687255035
49,894 2,77924841337076
49,895 2,77541125591802
49,896 2,77024641412175
49,897 2,76390815162957
49,898 2,7589308679061
49,899 2,75271530466154
49,9 2,747877395295
49,901 2,7417436007416
49,902 2,73698704940115
49,903 2,73088655375283
49,904 2,72617571078204
49,905 2,720060478368
49,906 2,71540858109967
49,907 2,70923093480589
49,908 2,7045327949022
49,909 2,69823335560153
49,91 2,69346606668843
49,911 2,68700853369039
49,912 2,68207681064487
49,913 2,67552280806353
49,914 2,67038930801279
49,915 2,66359755993098
49,916 2,65823919958894
49,917 2,65117612904201
49,918 2,64552067516395
49,919 2,63816762096092
49,92 2,63225312149134
49,921 2,62455660139338
49,922 2,61829339063547
49,923 2,61027472857592
49,924 2,60363585488699
49,925 2,59846163401672
49,926 2,59135841057201
49,927 2,58565603555331
49,928 2,5780930395931
49,929 2,57184427718087
49,93 2,56372683422628
49,931 2,55699191804487
49,932 2,54827847222398
49,933 2,54097980135915
49,934 2,53512306164505
49,935 2,52715186583041
49,936 2,52056605081521
49,937 2,51199713589137
49,938 2,50467908381252
49,939 2,49886601811002
49,94 2,49082487780995
49,941 2,48414571744608
49,942 2,47532715282451
49,943 2,46788577677668
49,944 2,46177336973967
49,945 2,4534214149953
49,946 2,44645933878574
49,947 2,43724439214644
49,948 2,42939850169406
49,949 2,42283578558013
49,95 2,41405914268877
49,951 2,40659361630994
49,952 2,40035023906068
49,953 2,39185481683354
49,954 2,38460251375078
49,955 2,37513951929881
49,956 2,36684280041811
49,957 2,35987850590523
49,958 2,3506192039785
49,959 2,34256801354122
49,96 2,3357924376576
49,961 2,32658303954168
49,962 2,31871783926366
49,963 2,31201806678972
49,964 2,30300133391727
49,965 2,29517146220001
49,966 2,2885260296367
49,967 2,27945607710229
49,968 2,27161587213087
49,969 2,26496395130327
49,97 2,25590305461905
49,971 2,24799012404386
49,972 2,24118118160622
49,973 2,23205200466687
49,974 2,22403780435148
49,975 2,21719677767673
49,976 2,20796462502239
49,977 2,19986554543172
49,978 2,19293207472635
49,979 2,18350386821604
49,98 2,17527267238995
49,981 2,16807987601955
49,982 2,15862530180136
49,983 2,15023005562282
49,984 2,14297450260989
49,985 2,13667090624906
49,986 2,12809156198999
49,987 2,12059029433145
49,988 2,11404273936801
49,989 2,10528800490863
49,99 2,09745602165467
49,991 2,09062580573423
49,992 2,08162935323037
49,993 2,0736145599409
49,994 2,06663372358742
49,995 2,06051821371167
49,996 2,05232799182148
49,997 2,04502244718573
49,998 2,03870043465514
49,999 2,03026578766291
50 2,02282595852215
50,001 2,0162845468689
50,002 2,01058955778558
50,003 2,0028841088343
50,004 1,99610557465842
50,005 1,9901429920414
50,006 1,98231206303183
50,007 1,97536107600508
50,008 1,96927444253488
50,009 1,96392250179595
50,01 1,9568256413434
50,011 1,95049725780665
50,012 1,94501728925224
50,013 1,93781350532108
50,014 1,93146834765578
50,015 1,92598863412737
50,016 1,92118043175273
50,017 1,91486086427572
50,018 1,90929922674269
50,019 1,90442521028087
50,02 1,89819360566735
50,021 1,89271718738227
50,022 1,88793368066073
50,023 1,88376568502059
50,024 1,8783804183063
50,025 1,87718454294883
50,026 1,87651996411243
50,027 1,87636018516759
50,028 1,87468484632588
50,029 1,87351058741416
50,03 1,87289597062487
50,031 1,87057016475566
50,032 1,86884637378648
50,033 1,86776580095771
50,034 1,86735214976548
50,035 1,86500431989311
50,036 1,86336019590264
50,037 1,8623305093083
50,038 1,85934207454169
50,039 1,85705967294429
50,04 1,85558506021138
50,041 1,85477804004467
50,042 1,85183605339568
50,043 1,84962013170033
50,044 1,84833162451049
50,045 1,84784807170768
50,046 1,84499797547625
50,047 1,84299891689437
50,048 1,84197529086692
50,049 1,83845431058023
50,05 1,835817907869
50,051 1,83415603984808
50,052 1,83353553667204
50,053 1,83025833481544
50,054 1,82794166459565
50,055 1,82672692143838
50,056 1,82269949851973
50,057 1,81981917290975
50,058 1,81798098829286
50,059 1,81327097487945
50,06 1,80970433131667
50,061 1,80736648582404
50,062 1,80618810331547
50,063 1,80203459008756
50,064 1,79913394424026
50,065 1,79744153713963
50,066 1,79269677569157
50,067 1,78920597299385
50,068 1,78709099188249
50,069 1,7816684490649
50,07 1,77770664016886
50,071 1,77515188120327
50,072 1,76923777395368
50,073 1,76481431394715
50,074 1,76191316697731
50,075 1,75561481270188
50,076 1,75085247143948
50,077 1,74765359266245
50,078 1,74601678463613
50,079 1,74097206449885
50,08 1,7374048894891
50,081 1,73569953468898
50,082 1,73028251814238
50,083 1,72671903813578
50,084 1,72481388847429
50,085 1,71933706284544
50,086 1,71557604125172
50,087 1,70822570675971
50,088 1,70268570154388
50,089 1,6991157855278
50,09 1,69167921312665
50,091 1,68633773369968
50,092 1,68287296077261
50,093 1,6757327859834
50,094 1,67057103901548
50,095 1,66753577877247
50,096 1,66067445227107
50,097 1,65580938085622
50,098 1,65333974668406
50,099 1,64675747793507
50,1 1,64265385637312
50,101 1,63445426457948
50,102 1,62871879177867
50,103 1,62519500012407
50,104 1,61788399483269
50,105 1,61284110622564
50,106 1,60399428970111
50,107 1,59752220128526
50,108 1,59362109531191
50,109 1,58570763301528
50,11 1,58044938539614
50,111 1,57114055312307
50,112 1,56459568960716
50,113 1,5605468546943
50,114 1,55275927108545
50,115 1,54747305470415
50,116 1,53848974293122
50,117 1,53206407284787
50,118 1,5286686355543
50,119 1,52123196159452
50,12 1,51672790821377
50,121 1,50830003310664
50,122 1,50281085030307
50,123 1,4934443583267
50,124 1,48710244459114
50,125 1,4769493412617
50,126 1,46983703353811
50,127 1,46599980287628
50,128 1,45819853002133
50,129 1,45365520347981
50,13 1,44527560331336
50,131 1,44007357168341
50,132 1,43129540046361
50,133 1,42565868074248
50,134 1,41638723095103
50,135 1,41045889207893
50,136 1,40080861207883
50,137 1,39461730132408
50,138 1,38476536591239
50,139 1,37852099445221
50,14 1,36855722227146
50,141 1,36231195698742
50,142 1,35223578411408
50,143 1,34622956991949
50,144 1,33622219725131
50,145 1,33051677863023
50,146 1,3207515552506
50,147 1,31532245119329
50,148 1,30604132256727
50,149 1,30097532655166
50,15 1,29220925436221
50,151 1,27993506003332
50,152 1,27189771949965
50,153 1,26027544427343
50,154 1,25308179181428
50,155 1,2423511663314
50,156 1,23605960471862
50,157 1,22627035356506
50,158 1,22103713611319
50,159 1,21224533729433
50,16 1,20034676511377
50,161 1,19288888332026
50,162 1,18218058423295
50,163 1,17630552643774
50,164 1,16699401547279
50,165 1,15454894674736
50,166 1,14703765243836
50,167 1,13621234198964
50,168 1,13045381802738
50,169 1,12155136395332
50,17 1,1095471046763
50,171 1,10261324111357
50,172 1,09278200704375
50,173 1,07981894555881
50,174 1,07223249446353
50,175 1,06159168116071
50,176 1,04827437936647
50,177 1,04008450405347
50,178 1,02935840365923
50,179 1,01564849792413
50,18 1,00756985246383
50,181 0,996743811058861
50,182 0,983424950758884
50,183 0,975529487842149
50,184 0,965147073699473
50,185 0,952281214840906
50,186 0,945040164230308
50,187 0,935317501621895
50,188 0,923333356565943
50,189 0,916985597815353
50,19 0,908314688138447
50,191 0,897497441094613
50,192 0,884450444923464
50,193 0,877251692170792
50,194 0,867941227185371
50,195 0,856551146530559
50,196 0,843181338471116
50,197 0,835745202919495
50,198 0,826417229952747
50,199 0,815127605938157
50,2 0,802093004793948
50,201 0,795097576076737
50,202 0,786423769409253
50,203 0,775878750632544
50,204 0,763887655784747
50,205 0,757869135628444
50,206 0,750298576580137
50,207 0,741154460314428
50,208 0,730626400373986
50,209 0,718709311273904
50,21 0,70556857623563
50,211 0,698422756440961
50,212 0,690236702874491
50,213 0,680642862037532
50,214 0,670077071950606
50,215 0,658363873720952
50,216 0,652809215912116
50,217 0,646112412904716
50,218 0,63838389877796
50,219 0,629882819905079
50,22 0,620438079105457
50,221 0,610245570967883
50,222 0,599427018622495
50,223 0,588111962195893
50,224 0,582479179389996
50,225 0,576523572660143
50,226 0,569866421811592
50,227 0,562867456138864
50,228 0,555221385051723
50,229 0,547352097592605
50,23 0,539152968141725
50,231 0,530869317127028
50,232 0,52233771084221
50,233 0,51398352548725
50,234 0,510409879531959
50,235 0,506643088533019
50,236 0,502625128830231
50,237 0,498489642182939
50,238 0,49435299320809
50,239 0,489988603924523
50,24 0,485736977867051
50,241 0,481499447377665
50,242 0,477261364134052
50,243 0,473224609370182
50,244 0,469299494836514
50,245 0,465672598912509
50,246 0,462130612681515
50,247 0,45889859870926
50,248 0,455921620178208
50,249 0,453197950104688
50,25 0,450740820712501
50,251 0,448645066938528
50,252 0,446825307604972
50,253 0,44524434298546
50,254 0,443944480142458
50,255 0,44293396035555
50,256 0,44208403538203
50,257 0,441481059083018
50,258 0,441081225742081
50,259 0,440317029892309
50,26 0,440224030395458
50,261 0,440811518769853
50,262 0,441988521676186
50,263 0,443553370825984
50,264 0,445534494589972
50,265 0,447755036073208
50,266 0,450129032480053
50,267 0,452568268117132
50,268 0,455019590098807
50,269 0,45734341837376
50,27 0,459510194629307
50,271 0,464047500462602
50,272 0,468781546873784
50,273 0,473417004134879
50,274 0,477970833533925
50,275 0,48223159933911
50,276 0,486112284289997
50,277 0,489488822152261
50,278 0,496363075182901
50,279 0,502877626633154
50,28 0,509033954734384
50,281 0,514574132608861
50,282 0,519432312301712
50,283 0,523503364962521
50,284 0,531587472476364
50,285 0,539054873334502
50,286 0,545612271450722
50,287 0,55132043533655
50,288 0,555909397278091
50,289 0,564878272939525
50,29 0,572898126053729
50,291 0,579767755522489
50,292 0,585373192198718
50,293 0,595676250639914
50,294 0,604725591638017
50,295 0,612469025800838
50,296 0,61875195656866
50,297 0,629790342999741
50,298 0,639465001670131
50,299 0,647472752527065
50,3 0,653850828298475
50,301 0,665083929051354
50,302 0,674642814246788
50,303 0,682377216894602
50,304 0,688163152273279
50,305 0,698838625847575
50,306 0,707643208545455
50,307 0,714307005348618
50,308 0,725973756362252
50,309 0,73556582737315
50,31 0,74283845743657
50,311 0,755194203472151
50,312 0,765257109604978
50,313 0,772977241941523
50,314 0,778284287367544
50,315 0,788449344717538
50,316 0,796054430721115
50,317 0,801317654817721
50,318 0,811104627066989
50,319 0,818517116427789
50,32 0,830537346305349
50,321 0,839967598973021
50,322 0,846745465883915
50,323 0,858015188829151
50,324 0,866764113147823
50,325 0,872426601822362
50,326 0,88283950532335
50,327 0,890233724349888
50,328 0,902242180452235
50,329 0,9112385923267
50,33 0,917275463522384
50,331 0,927674255473388
50,332 0,935069048712816
50,333 0,946786821824631
50,334 0,955418491838142
50,335 0,960799603871746
50,336 0,970459221168818
50,337 0,976974403695564
50,338 0,987503159430931
50,339 0,994956447403751
50,34 1,00637417108409
50,341 1,01454289912992
50,342 1,01930214629103
50,343 1,02797375112098
50,344 1,03340572349446
50,345 1,04252671054138
50,346 1,04842595610566
50,347 1,05797161681659
50,348 1,06416443869104
50,349 1,07405062062756
50,35 1,08039305404045
50,351 1,09047552879831
50,352 1,09696763949931
50,353 1,10711648078327
50,354 1,11358453048967
50,355 1,12366857249801
50,356 1,13005267868478
50,357 1,13995240834679
50,358 1,14616359278686
50,359 1,15573021340883
50,36 1,1616083665727
50,361 1,17086487930721
50,362 1,17625120497639
50,363 1,18504851205021
50,364 1,18988568504895
50,365 1,19803603052122
50,366 1,2022972188928
50,367 1,20975542372266
50,368 1,22032400648555
50,369 1,22701101302041
50,37 1,23683398590136
50,371 1,24260279277994
50,372 1,25156635222686
50,373 1,25640154368561
50,374 1,26430466736726
50,375 1,26816649360255
50,376 1,27494126200934
50,377 1,28450837689887
50,378 1,29019811345608
50,379 1,29856329250655
50,38 1,30300412135224
50,381 1,31009023724869
50,382 1,31322704803586
50,383 1,31898560347002
50,384 1,32734573397108
50,385 1,33172034777886
50,386 1,33865199918946
50,387 1,34156249108468
50,388 1,34695649639367
50,389 1,35480997913027
50,39 1,35864118824336
50,391 1,36493708067806
50,392 1,37349924172934
50,393 1,37816092918284
50,394 1,38508343279276
50,395 1,38808164293739
50,396 1,393306851596
50,397 1,40071216005604
50,398 1,40419756061836
50,399 1,40981851550188
50,4 1,41761874323124
50,401 1,42141403363237
50,402 1,42737858328786
50,403 1,43530163550102
50,404 1,4393885139862
50,405 1,44548332115995
50,406 1,44767471716349
50,407 1,45178353874085
50,408 1,45788045693614
50,409 1,46006293700405
50,41 1,46416695582223
50,411 1,47007375285288
50,412 1,47219076592259
50,413 1,47614223403553
50,414 1,48178207845801
50,415 1,48375703450983
50,416 1,48744328743191
50,417 1,49270352403494
50,418 1,49446959020354
50,419 1,49775935217063
50,42 1,5026314451093
50,421 1,50408312034199
50,422 1,50691013718534
50,423 1,51137736024783
50,424 1,51716615964324
50,425 1,51966984951076
50,426 1,52354502917696
50,427 1,52883673246691
50,428 1,53080614887071
50,429 1,53414214899853
50,43 1,53882775338219
50,431 1,54024844792806
50,432 1,54298856124842
50,433 1,54700696958368
50,434 1,54785723391371
50,435 1,55002320787082
50,436 1,55327559753526
50,437 1,55775007551662
50,438 1,55927279778441
50,439 1,56185902550515
50,44 1,56566155254642
50,441 1,56648422132973
50,442 1,56850788201455
50,443 1,57144697948818
50,444 1,57548279685087
50,445 1,57680111111622
50,446 1,57911298230435
50,447 1,58238326507598
50,448 1,58306920201043
50,449 1,58470161337691
50,45 1,58720921232681
50,451 1,59063082111658
50,452 1,59162102298424
50,453 1,59347076981912
50,454 1,59614346997702
50,455 1,59655561588522
50,456 1,59774387715141
50,457 1,59971925314068
50,458 1,60241813954095
50,459 1,60304412200189
50,46 1,60436875693639
50,461 1,60641567625339
50,462 1,60647813285313
50,463 1,60728897063596
50,464 1,60863437646608
50,465 1,61065007338512
50,466 1,61090611756504
50,467 1,61178772854469
50,468 1,61315751397245
50,469 1,61942932940201
50,47 1,62428777791077
50,471 1,62998269841069
50,472 1,63648139731695
50,473 1,641459184027
50,474 1,64718356358907
50,475 1,6537808316876
50,476 1,66134551154663
50,477 1,66711852626328
50,478 1,67376383785043
50,479 1,68139988442765
50,48 1,68701458592272
50,481 1,69355576959199
50,482 1,70103412178656
50,483 1,70956003074648
50,484 1,71596228816067
50,485 1,72332087921618
50,486 1,73174504940451
50,487 1,74126659448229
50,488 1,74853421091806
50,489 1,75683321595909
50,49 1,76628149186218
50,491 1,77329864845077
50,492 1,78135441964631
50,493 1,79058280267083
50,494 1,80101881689627
50,495 1,80890789094042
50,496 1,81791927481898
50,497 1,82819902086906
50,498 1,83578028820884
50,499 1,8445192532306
50,5 1,85455149225556
50,501 1,86172275913352
50,502 1,87018024639929
50,503 1,87981386255603
50,504 1,89076639385113
50,505 1,89894731465095
50,506 1,90834328283605
50,507 1,91909013332975
50,508 1,92696220856607
50,509 1,93608487260887
50,51 1,94659099445911
50,511 1,95412233816078
50,512 1,9630069551494
50,513 1,97322070140276
50,514 1,9848689699918
50,515 1,99359402298383
50,516 2,00365657687299
50,517 2,01521216885948
50,518 2,02379428910456
50,519 2,03370277150501
50,52 2,04525238166752
50,521 2,0536154672788
50,522 2,06352310783248
50,523 2,07491784393308
50,524 2,08327976057515
50,525 2,09312216408599
50,526 2,10450844432205
50,527 2,11284969310238
50,528 2,12273429955828
50,529 2,13420144892525
50,53 2,14258094580472
50,531 2,15258363353266
50,532 2,16411853173068
50,533 2,17273581716867
50,534 2,18285076184388
50,535 2,19470673271705
50,536 2,20344665129864
50,537 2,21391274891903
50,538 2,22133984432964
50,539 2,23038805027822
50,54 2,24114969817361
50,541 2,24887994470973
50,542 2,25832950121183
50,543 2,26950603678721
50,544 2,27767871775495
50,545 2,28761267977467
50,546 2,29930010300649
50,547 2,30807390766165
50,548 2,3186660820843
50,549 2,32632261467064
50,55 2,33575071050455
50,551 2,34702984801619
50,552 2,35542171221393
50,553 2,36567656785763
50,554 2,37306769878891
50,555 2,38233200577434
50,556 2,39335747214661
50,557 2,40176334539115
50,558 2,41190775370466
50,559 2,41942426443968
50,56 2,42874454764668
50,561 2,43540775399398
50,562 2,44389873912816
50,563 2,45434612090566
50,564 2,46212936560168
50,565 2,47184648789702
50,566 2,47900777943711
50,567 2,48802598882612
50,568 2,49465876132082
50,569 2,50305228425577
50,57 2,51352377899015
50,571 2,52145102457708
50,572 2,53143770589352
50,573 2,5389168751611
50,574 2,54848692361937
50,575 2,55557541695622
50,576 2,56476671130179
50,577 2,57158040772808
50,578 2,58040105733343
50,579 2,5869800603772
50,58 2,59550747931638
50,581 2,60186441466169
50,582 2,61021502229416
50,583 2,61642996192254
50,584 2,6245949851564
50,585 2,63071357873572
50,586 2,6388038914928
50,587 2,64488093630915
50,588 2,65295887467998
50,589 2,65903353352527
50,59 2,66714522462744
50,591 2,67329517014718
50,592 2,68154548228512
50,593 2,68781850773657
50,594 2,69621544573572
50,595 2,7027194302877
50,596 2,71128428324972
50,597 2,71814051852317
50,598 2,72317280159312
50,599 2,73027715724517
50,6 2,73567932306718
50,601 2,74309463482219
50,602 2,74888163373308
50,603 2,7567307847872
50,604 2,76296476335191
50,605 2,76766168119502
50,606 2,77436983311524
50,607 2,77957397983225
50,608 2,78675948904202
50,609 2,79254007129
50,61 2,79681826467149
50,611 2,80321354342759
50,612 2,80810086123434
50,613 2,81507191948059
50,614 2,82071818872319
50,615 2,82505360655138
50,616 2,83135558250587
50,617 2,83647725081922
50,618 2,84036765564063
50,619 2,84618266903917
50,62 2,85084061915094
50,621 2,85747477243164
50,622 2,862965646544
50,623 2,86740632670322
50,624 2,87376994214973
50,625 2,8790847156191
50,626 2,88338856933978
50,627 2,88672031605149
50,628 2,89186839133652
50,629 2,89611353934443
50,63 2,89943556823663
50,631 2,90457095494548
50,632 2,9088407532968
50,633 2,91229812292229
50,634 2,91755353717349
50,635 2,92197420736254
50,636 2,92566597530653
50,637 2,92857145988114
50,638 2,93321558085408
50,639 2,93711090021595
50,64 2,94039913212519
50,641 2,94291830819644
50,642 2,9471445312556
50,643 2,95074932965546
50,644 2,9537742442067
50,645 2,95616457455252
50,646 2,96014269674028
50,647 2,96361127376147
50,648 2,96650701191037
50,649 2,96891712284284
50,65 2,97283472053361
50,651 2,97631098216548
50,652 2,97929242157491
50,653 2,98187093529403
50,654 2,98400005363676
50,655 2,98753895390233
50,656 2,99066678875756
50,657 2,99348385057803
50,658 2,99592634907942
50,659 2,99800060761108
50,66 2,99973616125372
50,661 3,00275714371704
50,662 3,0055075883706
50,663 3,00793890072236
50,664 3,01010950258543
50,665 3,0120151115099
50,666 3,01364240577299
50,667 3,01501867276918
50,668 3,0175055623016
50,669 3,01992778658817
50,67 3,02210142212097
50,671 3,02412633611254
50,672 3,02595792800597
50,673 3,0275879248302
50,674 3,02905224373949
50,675 3,03036835885479
50,676 3,03154881282189
50,677 3,03252924023097
50,678 3,03340611553761
50,679 3,03502473903331
50,68 3,03659198790793
50,681 3,03800753100214
50,682 3,03935826514826
50,683 3,0406364089049
50,684 3,0417798734769
50,685 3,04286801423738
50,686 3,04388157520759
50,687 3,04484050052502
50,688 3,04568372889398
50,689 3,04646819357915
50,69 3,04720522938509
50,691 3,0478342312629
50,692 3,04841864138398
50,693 3,04895609917608
50,694 3,04944907311617
50,695 3,04985110373015
50,696 3,05021498823625
50,697 3,05053923946241
50,698 3,05078123666852
50,699 3,05098404682707
50,7 3,05116345605416
50,701 3,05131289719763
50,702 3,0513875799862
50,703 3,05143844153679
50,704 3,05132300285578
50,705 3,05109942795814
50,706 3,05082034442972
50,707 3,05048062799065
50,708 3,05002404453648
50,709 3,04950003809581
50,71 3,04890798427067
50,711 3,04824318527358
50,712 3,04745831115541
50,713 3,04659795784271
50,714 3,04567631000347
50,715 3,04494589398539
50,716 3,04411612572658
50,717 3,04316864141278
50,718 3,04204827677161
50,719 3,04080756509805
50,72 3,03943299126984
50,721 3,03788703384413
50,722 3,03621105159913
50,723 3,03504323016338
50,724 3,03365026812118
50,725 3,03208440844245
50,726 3,03033154321913
50,727 3,02834454216898
50,728 3,02700323491936
50,729 3,02543333571326
50,73 3,02357866699762
50,731 3,02147315509919
50,732 3,01912385747667
50,733 3,01750719526553
50,734 3,01560928036307
50,735 3,01339385694091
50,736 3,0108195149844
50,737 3,0079346459775
50,738 3,00596346950224
50,739 3,00358465455905
50,74 3,00082494527932
50,741 2,99764283257368
50,742 2,99546489876744
50,743 2,99286837949724
50,744 2,98976770067069
50,745 2,98623669931693
50,746 2,98379402945622
50,747 2,98081560694148
50,748 2,97732297091579
50,749 2,97328862581642
50,75 2,97039902800534
50,751 2,96697380328123
50,752 2,96293165200061
50,753 2,96009163821952
50,754 2,95658381451498
50,755 2,95246557724781
50,756 2,94957258519587
50,757 2,9459899476008
50,758 2,94168686305549
50,759 2,93865404904671
50,76 2,93487814027598
50,761 2,93034902515089
50,762 2,92711257411913
50,763 2,92308551248152
50,764 2,91816377006848
50,765 2,91467111478328
50,766 2,91022817128125
50,767 2,90493295592585
50,768 2,90099627859278
50,769 2,89613737509469
50,77 2,89034081864796
50,771 2,8859615806612
50,772 2,88060322709494
50,773 2,87663575662743
50,774 2,87165590199687
50,775 2,86554460999006
50,776 2,86097695187144
50,777 2,85522734291561
50,778 2,85098362312194
50,779 2,84554535320893
50,78 2,84159424116562
50,781 2,83640227087444
50,782 2,83000423961461
50,783 2,82507962778293
50,784 2,81890066569688
50,785 2,8142288113244
50,786 2,80819488815598
50,787 2,8037209503247
50,788 2,79781691259875
50,789 2,79053710067438
50,79 2,78482143226161
50,791 2,7776422193465
50,792 2,77204116886725
50,793 2,764922184842
50,794 2,75938725307245
50,795 2,75227738687906
50,796 2,74674952207306
50,797 2,73962476097852
50,798 2,73399042733116
50,799 2,72680237453449
50,8 2,72107808185127
50,801 2,713769351741
50,802 2,70793307116829
50,803 2,70044597617671
50,804 2,69446494538766
50,805 2,68668841383424
50,806 2,68053100292913
50,807 2,67248868412194
50,808 2,66611264042463
50,809 2,65779238061324
50,81 2,65104969901175
50,811 2,64575977558939
50,812 2,63858755405182
50,813 2,63292559895334
50,814 2,62530731936763
50,815 2,61913150175079
50,816 2,61106928302417
50,817 2,60443296484011
50,818 2,5958105336181
50,819 2,5886778311066
50,82 2,58301089072243
50,821 2,57527013263319
50,822 2,56899740225561
50,823 2,56056967769983
50,824 2,5536666878975
50,825 2,54459820088018
50,826 2,53699227545734
50,827 2,53083462699712
50,828 2,52247590349259
50,829 2,51550733177896
50,83 2,50634121977437
50,831 2,49859426112393
50,832 2,49230748841747
50,833 2,48363178014872
50,834 2,47649404325156
50,835 2,46698087005989
50,836 2,4589130614544
50,837 2,4521686756249
50,838 2,44314986207886
50,839 2,43545712749564
50,84 2,42914935246766
50,841 2,42042465251113
50,842 2,41310536440989
50,843 2,4033553479729
50,844 2,39493754090594
50,845 2,38784299153955
50,846 2,37837975321114
50,847 2,37021629832558
50,848 2,3633585661
50,849 2,354003618996
50,85 2,34602810580505
50,851 2,33929063409736
50,852 2,33007708199962
50,853 2,32210754412549
50,854 2,3153898546707
50,855 2,30622129033336
50,856 2,29827131855459
50,857 2,29156465777922
50,858 2,2823088903347
50,859 2,27425929922981
50,86 2,26746029055205
50,861 2,25809941850528
50,862 2,25001511746567
50,863 2,24308026926777
50,864 2,23360157622155
50,865 2,22529949741719
50,866 2,21817995064905
50,867 2,20846741693711
50,868 2,20007274355811
50,869 2,19277651916161
50,87 2,18298490547924
50,871 2,17432438875526
50,872 2,16681661325256
50,873 2,15681243787444
50,874 2,14794018117471
50,875 2,14023263871339
50,876 2,13352275700398
50,877 2,12435567470666
50,878 2,11627769499749
50,879 2,10934631425479
50,88 2,0999724360326
50,881 2,091672626699
50,882 2,08443533240408
50,883 2,07479648103048
50,884 2,06627864637189
50,885 2,0587788139031
50,886 2,0522684174424
50,887 2,04340403523093
50,888 2,03557280685986
50,889 2,02874517968535
50,89 2,01962115233292
50,891 2,0115918753768
50,892 2,00446001275883
50,893 1,9983098799358
50,894 1,98992269484982
50,895 1,98255104020053
50,896 1,9760627053847
50,897 1,96753056236269
50,898 1,95998646014204
50,899 1,95329190475845
50,9 1,94752799277786
50,901 1,93972030127865
50,902 1,93291978285295
50,903 1,92687508763154
50,904 1,91896678967552
50,905 1,91195022766415
50,906 1,90577393818982
50,907 1,90040250402358
50,908 1,89330526517221
50,909 1,88710632927755
50,91 1,88163781928696
50,911 1,8747230428492
50,912 1,86859999921411
50,913 1,86332291590015
50,914 1,86286736802734
50,915 1,8607052385772
50,916 1,859115218778
50,917 1,85813031516417
50,918 1,85781219808574
50,919 1,85562751423654
50,92 1,85415421602389
50,921 1,85332417688266
50,922 1,85057183650803
50,923 1,84835624656038
50,924 1,8469478336181
50,925 1,8462916450433
50,926 1,84347644556324
50,927 1,8414351617995
50,928 1,84017739315117
50,929 1,83974628135658
50,93 1,83694386485705
50,931 1,83506902088888
50,932 1,83408019956468
50,933 1,83050570996867
50,934 1,82779774968642
50,935 1,82618589446524
50,936 1,82558726182593
50,937 1,82219958747901
50,938 1,81986142616523
50,939 1,81852820695049
50,94 1,81437426531036
50,941 1,81129777194398
50,942 1,80935657559399
50,943 1,80854844383784
50,944 1,80475215584007
50,945 1,80210918682918
50,946 1,80068606483919
50,947 1,79607257557679
50,948 1,7927250335192
50,949 1,79078578143132
50,95 1,78533811742447
50,951 1,78138820846846
50,952 1,77873013336493
50,953 1,77753906413275
50,954 1,77278869611308
50,955 1,76958034616426
50,956 1,76782216363489
50,957 1,7624252499834
50,958 1,7586487744381
50,959 1,75633798939928
50,96 1,75040758988194
50,961 1,74611267993019
50,962 1,7433750560915
50,963 1,73693026878807
50,964 1,732129150721
50,965 1,72908489993279
50,966 1,72216891016074
50,967 1,71707460200569
50,968 1,71372088295545
50,969 1,70646689477246
50,97 1,70103144094084
50,971 1,69747844543586
50,972 1,69004936290252
50,973 1,6843943169832
50,974 1,6808522812562
50,975 1,67323146778864
50,976 1,6676174252203
50,977 1,6640949235844
50,978 1,65638190822147
50,979 1,6508676544096
50,98 1,64744610404091
50,981 1,63986485043085
50,982 1,63462831397288
50,983 1,63144080634389
50,984 1,62427477314711
50,985 1,61916395342875
50,986 1,61013032723067
50,987 1,60315643413994
50,988 1,59885663086414
50,989 1,59008573361331
50,99 1,58397210795049
50,991 1,58026728290618
50,992 1,57232806978303
50,993 1,56696337259031
50,994 1,55732267100962
50,995 1,55034201663084
50,996 1,54599529235055
50,997 1,53733743726926
50,998 1,53151302469764
50,999 1,52829642108436
